freq1 [GHz] swr freq2 [GHz] gain [dB] 
0.599999964 1.08 0.599999964 -1.6
0.600700378 1.07 0.600700378 -1.54
0.601400673 1.08 0.601400673 -1.4
0.602101088 1.08 0.602101088 -1.4
0.602801383 1.08 0.602801383 -1.4
0.603501737 1.08 0.603501737 -1.37
0.604202092 1.08 0.604202092 -1.44
0.604902446 1.08 0.604902446 -1.24
0.605602801 1.07 0.605602801 -1.27
0.606303155 1.08 0.606303155 -1.17
0.60700345 1.08 0.60700345 -1.17
0.607703865 1.08 0.607703865 -1.3
0.60840416 1.08 0.60840416 -1.2
0.609104574 1.09 0.609104574 -1.22
0.609804869 1.08 0.609804869 -1.13
0.610505283 1.08 0.610505283 -1.09
0.611205578 1.08 0.611205578 -1.09
0.611905992 1.08 0.611905992 -1.09
0.612606287 1.08 0.612606287 -1.11
0.613306642 1.08 0.613306642 -1.08
0.614006996 1.08 0.614006996 -1.01
0.614707351 1.08 0.614707351 -0.947
0.615407705 1.08 0.615407705 -1.05
0.61610806 1.09 0.61610806 -0.938
0.616808414 1.08 0.616808414 -0.927
0.617508769 1.08 0.617508769 -0.974
0.618209064 1.08 0.618209064 -0.945
0.618909478 1.08 0.618909478 -0.951
0.619609773 1.08 0.619609773 -0.851
0.620310187 1.08 0.620310187 -0.924
0.621010482 1.08 0.621010482 -0.867
0.621710896 1.08 0.621710896 -0.883
0.622411191 1.08 0.622411191 -0.876
0.623111546 1.09 0.623111546 -0.801
0.623811901 1.08 0.623811901 -0.834
0.624512255 1.08 0.624512255 -0.848
0.62521261 1.09 0.62521261 -0.793
0.625912964 1.08 0.625912964 -0.815
0.626613319 1.09 0.626613319 -0.824
0.627313673 1.08 0.627313673 -0.8
0.628013968 1.08 0.628013968 -0.766
0.628714383 1.08 0.628714383 -0.757
0.629414678 1.09 0.629414678 -0.778
0.630115092 1.08 0.630115092 -0.746
0.630815387 1.08 0.630815387 -0.743
0.631515801 1.08 0.631515801 -0.753
0.632216096 1.08 0.632216096 -0.753
0.632916451 1.09 0.632916451 -0.739
0.633616805 1.08 0.633616805 -0.735
0.63431716 1.09 0.63431716 -0.718
0.635017514 1.08 0.635017514 -0.677
0.635717869 1.09 0.635717869 -0.714
0.636418223 1.09 0.636418223 -0.885
0.637118578 1.08 0.637118578 -0.634
0.637818873 1.09 0.637818873 -0.631
0.638519287 1.08 0.638519287 -0.727
0.639219582 1.08 0.639219582 -0.655
0.639919996 1.09 0.639919996 -0.621
0.640620291 1.09 0.640620291 -0.626
0.641320705 1.08 0.641320705 -0.601
0.642021 1.09 0.642021 -0.606
0.642721415 1.09 0.642721415 -0.608
0.64342171 1.09 0.64342171 -0.555
0.644122064 1.08 0.644122064 -0.66
0.644822419 1.09 0.644822419 -0.494
0.645522773 1.09 0.645522773 -0.475
0.646223128 1.09 0.646223128 -0.59
0.646923482 1.09 0.646923482 -0.511
0.647623777 1.08 0.647623777 -0.602
0.648324192 1.09 0.648324192 -0.554
0.649024487 1.09 0.649024487 -0.411
0.649724901 1.09 0.649724901 -0.434
0.650425196 1.09 0.650425196 -0.417
0.65112561 1.09 0.65112561 -0.481
0.651825905 1.08 0.651825905 -0.269
0.652526319 1.08 0.652526319 -0.293
0.653226614 1.09 0.653226614 -0.195
0.653926969 1.09 0.653926969 -0.26
0.654627323 1.09 0.654627323 -0.282
0.655327678 1.09 0.655327678 -0.192
0.656028032 1.09 0.656028032 -0.14
0.656728387 1.09 0.656728387 -0.134
0.657428741 1.09 0.657428741 -0.032
0.658129096 1.09 0.658129096 0.024
0.658829391 1.09 0.658829391 0.008
0.659529805 1.1 0.659529805 0.067
0.6602301 1.09 0.6602301 0.115
0.660930514 1.1 0.660930514 0.181
0.661630809 1.09 0.661630809 0.14
0.662331223 1.09 0.662331223 0.309
0.663031518 1.1 0.663031518 0.276
0.663731873 1.09 0.663731873 0.061
0.664432228 1.09 0.664432228 0.401
0.665132582 1.09 0.665132582 0.454
0.665832937 1.09 0.665832937 0.47
0.666533291 1.1 0.666533291 0.518
0.667233646 1.1 0.667233646 0.575
0.667934 1.09 0.667934 0.624
0.668634295 1.09 0.668634295 0.625
0.66933471 1.09 0.66933471 0.664
0.670035005 1.1 0.670035005 0.765
0.670735359 1.1 0.670735359 0.658
0.671435714 1.1 0.671435714 0.744
0.672136068 1.09 0.672136068 0.734
0.672836423 1.1 0.672836423 0.824
0.673536718 1.1 0.673536718 0.784
0.674237132 1.1 0.674237132 0.825
0.674937427 1.1 0.674937427 0.865
0.675637841 1.1 0.675637841 0.865
0.676338136 1.1 0.676338136 0.949
0.67703855 1.1 0.67703855 0.939
0.677738845 1.1 0.677738845 0.954
0.6784392 1.09 0.6784392 1.01
0.679139555 1.1 0.679139555 0.99
0.679839909 1.09 0.679839909 1.05
0.680540264 1.1 0.680540264 1.04
0.681240618 1.1 0.681240618 1.01
0.681940973 1.1 0.681940973 0.982
0.682641327 1.1 0.682641327 1.01
0.683341622 1.1 0.683341622 0.983
0.684042037 1.1 0.684042037 0.965
0.684742332 1.1 0.684742332 1.02
0.685442746 1.09 0.685442746 0.809
0.686143041 1.1 0.686143041 0.904
0.686843455 1.1 0.686843455 1.01
0.68754375 1.1 0.68754375 0.922
0.688244104 1.1 0.688244104 0.97
0.688944459 1.1 0.688944459 0.918
0.689644814 1.1 0.689644814 0.864
0.690345168 1.1 0.690345168 0.848
0.691045523 1.09 0.691045523 0.783
0.691745877 1.1 0.691745877 0.8
0.692446232 1.1 0.692446232 0.807
0.693146527 1.1 0.693146527 0.714
0.693846941 1.1 0.693846941 0.732
0.694547236 1.1 0.694547236 0.701
0.69524765 1.1 0.69524765 0.708
0.695947945 1.1 0.695947945 0.633
0.696648359 1.1 0.696648359 0.612
0.697348654 1.1 0.697348654 0.567
0.698049068 1.1 0.698049068 0.521
0.698749363 1.1 0.698749363 0.519
0.699449718 1.1 0.699449718 0.531
0.700150073 1.1 0.700150073 0.566
0.700850427 1.1 0.700850427 0.474
0.701550782 1.1 0.701550782 0.44
0.702251136 1.1 0.702251136 0.44
0.702951431 1.1 0.702951431 0.427
0.703651845 1.1 0.703651845 0.4
0.70435214 1.1 0.70435214 0.376
0.705052555 1.1 0.705052555 0.348
0.70575285 1.1 0.70575285 0.381
0.706453264 1.1 0.706453264 0.364
0.707153559 1.1 0.707153559 0.405
0.707853973 1.1 0.707853973 0.339
0.708554268 1.1 0.708554268 0.345
0.709254622 1.1 0.709254622 0.322
0.709954977 1.09 0.709954977 0.345
0.710655332 1.1 0.710655332 0.361
0.711355686 1.1 0.711355686 0.306
0.712056041 1.1 0.712056041 0.325
0.712756395 1.1 0.712756395 0.282
0.71345675 1.1 0.71345675 0.324
0.714157045 1.1 0.714157045 0.286
0.714857459 1.1 0.714857459 0.293
0.715557754 1.1 0.715557754 0.308
0.716258168 1.1 0.716258168 0.298
0.716958463 1.1 0.716958463 0.255
0.717658877 1.1 0.717658877 0.296
0.718359172 1.1 0.718359172 0.277
0.719059527 1.1 0.719059527 0.286
0.719759881 1.1 0.719759881 0.296
0.720460236 1.09 0.720460236 0.294
0.721160591 1.1 0.721160591 0.239
0.721860945 1.1 0.721860945 0.246
0.7225613 1.09 0.7225613 0.271
0.723261654 1.1 0.723261654 0.305
0.723961949 1.1 0.723961949 0.24
0.724662364 1.1 0.724662364 0.297
0.725362659 1.1 0.725362659 0.309
0.726063073 1.1 0.726063073 0.257
0.726763368 1.1 0.726763368 0.281
0.727463782 1.09 0.727463782 0.263
0.728164077 1.1 0.728164077 0.261
0.728864431 1.09 0.728864431 0.256
0.729564786 1.1 0.729564786 0.249
0.730265141 1.09 0.730265141 0.291
0.730965495 1.1 0.730965495 0.276
0.73166585 1.1 0.73166585 0.299
0.732366204 1.1 0.732366204 0.308
0.733066559 1.09 0.733066559 0.245
0.733766854 1.1 0.733766854 0.22
0.734467268 1.1 0.734467268 0.223
0.735167563 1.1 0.735167563 0.327
0.735867977 1.1 0.735867977 0.268
0.736568272 1.09 0.736568272 0.328
0.737268686 1.1 0.737268686 0.566
0.737968981 1.09 0.737968981 0.309
0.738669395 1.09 0.738669395 0.288
0.73936969 1.09 0.73936969 0.284
0.740070045 1.1 0.740070045 0.283
0.7407704 1.1 0.7407704 0.312
0.741470754 1.09 0.741470754 0.331
0.742171109 1.09 0.742171109 0.189
0.742871463 1.1 0.742871463 0.344
0.743571758 1.09 0.743571758 0.398
0.744272172 1.09 0.744272172 0.307
0.744972467 1.09 0.744972467 0.386
0.745672882 1.1 0.745672882 0.397
0.746373177 1.09 0.746373177 0.341
0.747073591 1.09 0.747073591 0.399
0.747773886 1.09 0.747773886 0.3
0.7484743 1.09 0.7484743 0.381
0.749174595 1.09 0.749174595 0.344
0.74987489 1.09 0.74987489 0.325
0.750575304 1.09 0.750575304 0.391
0.751275599 1.09 0.751275599 0.457
0.751976013 1.09 0.751976013 0.496
0.752676308 1.09 0.752676308 0.439
0.753376722 1.09 0.753376722 0.395
0.754077017 1.09 0.754077017 0.459
0.754777372 1.09 0.754777372 0.486
0.755477726 1.09 0.755477726 0.531
0.756178081 1.09 0.756178081 0.504
0.756878436 1.09 0.756878436 0.476
0.75757879 1.08 0.75757879 0.469
0.758279085 1.09 0.758279085 0.516
0.758979499 1.09 0.758979499 0.487
0.759679794 1.09 0.759679794 0.5
0.760380208 1.09 0.760380208 0.526
0.761080503 1.09 0.761080503 0.504
0.761780918 1.09 0.761780918 0.534
0.762481213 1.09 0.762481213 0.529
0.763181627 1.09 0.763181627 0.523
0.763881922 1.09 0.763881922 0.541
0.764582276 1.09 0.764582276 0.528
0.765282631 1.09 0.765282631 0.562
0.765982985 1.09 0.765982985 0.507
0.76668334 1.09 0.76668334 0.568
0.767383695 1.09 0.767383695 0.554
0.768084049 1.09 0.768084049 0.557
0.768784404 1.09 0.768784404 0.569
0.769484699 1.09 0.769484699 0.591
0.770185113 1.09 0.770185113 0.588
0.770885408 1.09 0.770885408 0.608
0.771585822 1.08 0.771585822 0.545
0.772286117 1.09 0.772286117 0.661
0.772986531 1.09 0.772986531 0.604
0.773686826 1.08 0.773686826 0.575
0.774387181 1.09 0.774387181 0.601
0.775087535 1.08 0.775087535 0.576
0.77578789 1.09 0.77578789 0.611
0.776488245 1.08 0.776488245 0.62
0.777188599 1.08 0.777188599 0.61
0.777888954 1.08 0.777888954 0.589
0.778589308 1.08 0.778589308 0.642
0.779289603 1.08 0.779289603 0.653
0.779990017 1.09 0.779990017 0.619
0.780690312 1.09 0.780690312 0.617
0.781390727 1.09 0.781390727 0.617
0.782091022 1.09 0.782091022 0.569
0.782791436 1.08 0.782791436 0.643
0.783491731 1.08 0.783491731 0.594
0.784192085 1.08 0.784192085 0.549
0.78489244 1.08 0.78489244 0.66
0.785592794 1.09 0.785592794 0.609
0.786293149 1.09 0.786293149 0.569
0.786993504 1.08 0.786993504 0.659
0.787693858 1.09 0.787693858 0.58
0.788394213 1.09 0.788394213 0.658
0.789094508 1.09 0.789094508 0.598
0.789794922 1.08 0.789794922 0.685
0.790495217 1.09 0.790495217 0.627
0.791195631 1.08 0.791195631 0.658
0.791895926 1.08 0.791895926 0.679
0.79259634 1.08 0.79259634 0.708
0.793296635 1.09 0.793296635 0.699
0.793997049 1.09 0.793997049 0.756
0.794697344 1.08 0.794697344 0.637
0.795397699 1.09 0.795397699 0.71
0.796098053 1.09 0.796098053 0.551
0.796798408 1.08 0.796798408 0.584
0.797498763 1.09 0.797498763 0.658
0.798199117 1.09 0.798199117 0.665
0.798899412 1.09 0.798899412 0.685
0.799599826 1.09 0.799599826 0.823
0.800300121 1.09 0.800300121 0.617
0.801000535 1.09 0.801000535 0.637
0.80170083 1.09 0.80170083 0.706
0.802401245 1.09 0.802401245 0.7
0.80310154 1.09 0.80310154 0.703
0.803801954 1.08 0.803801954 0.665
0.804502249 1.09 0.804502249 0.694
0.805202603 1.09 0.805202603 0.686
0.805902958 1.08 0.805902958 0.745
0.806603312 1.09 0.806603312 0.71
0.807303667 1.09 0.807303667 0.699
0.808004022 1.09 0.808004022 0.749
0.808704376 1.09 0.808704376 0.635
0.809404731 1.09 0.809404731 0.741
0.810105026 1.09 0.810105026 0.711
0.81080544 1.09 0.81080544 0.67
0.811505735 1.09 0.811505735 0.653
0.812206149 1.09 0.812206149 0.716
0.812906444 1.09 0.812906444 0.72
0.813606858 1.09 0.813606858 0.739
0.814307153 1.1 0.814307153 0.701
0.815007508 1.1 0.815007508 0.725
0.815707862 1.09 0.815707862 0.677
0.816408217 1.09 0.816408217 0.76
0.817108572 1.09 0.817108572 0.738
0.817808926 1.1 0.817808926 0.677
0.818509281 1.09 0.818509281 0.751
0.819209635 1.1 0.819209635 0.693
0.81990993 1.1 0.81990993 0.727
0.820610344 1.09 0.820610344 1.05
0.821310639 1.1 0.821310639 0.699
0.822011054 1.1 0.822011054 0.686
0.822711349 1.1 0.822711349 0.727
0.823411763 1.1 0.823411763 0.737
0.824112058 1.1 0.824112058 0.714
0.824812412 1.1 0.824812412 0.734
0.825512767 1.1 0.825512767 0.733
0.826213121 1.1 0.826213121 0.755
0.826913476 1.09 0.826913476 0.706
0.827613831 1.09 0.827613831 0.76
0.828314185 1.11 0.828314185 0.737
0.82901448 1.1 0.82901448 0.68
0.829714835 1.1 0.829714835 0.746
0.830415189 1.1 0.830415189 0.69
0.831115544 1.1 0.831115544 0.762
0.831815898 1.1 0.831815898 0.784
0.832516253 1.1 0.832516253 0.762
0.833216608 1.11 0.833216608 0.678
0.833916962 1.11 0.833916962 0.731
0.834617257 1.1 0.834617257 0.735
0.835317671 1.1 0.835317671 0.919
0.836017966 1.11 0.836017966 0.666
0.83671838 1.11 0.83671838 0.68
0.837418675 1.11 0.837418675 0.717
0.83811909 1.1 0.83811909 0.676
0.838819385 1.11 0.838819385 0.672
0.839519739 1.11 0.839519739 0.712
0.840220094 1.11 0.840220094 0.699
0.840920448 1.1 0.840920448 0.593
0.841620803 1.11 0.841620803 0.653
0.842321157 1.11 0.842321157 0.612
0.843021512 1.11 0.843021512 0.7
0.843721867 1.11 0.843721867 0.68
0.844422162 1.11 0.844422162 0.614
0.845122576 1.11 0.845122576 0.649
0.845822871 1.12 0.845822871 0.597
0.846523285 1.11 0.846523285 0.659
0.84722358 1.11 0.84722358 0.604
0.847923994 1.11 0.847923994 0.658
0.848624289 1.11 0.848624289 0.582
0.849324703 1.11 0.849324703 0.711
0.850024998 1.1 0.850024998 0.558
0.850725353 1.11 0.850725353 0.54
0.851425707 1.11 0.851425707 0.569
0.852126062 1.11 0.852126062 0.575
0.852826416 1.11 0.852826416 0.569
0.853526771 1.12 0.853526771 0.573
0.854227066 1.11 0.854227066 0.57
0.85492748 1.12 0.85492748 0.554
0.855627775 1.11 0.855627775 0.602
0.856328189 1.12 0.856328189 0.53
0.857028484 1.12 0.857028484 0.607
0.857728899 1.11 0.857728899 0.531
0.858429193 1.12 0.858429193 0.588
0.859129608 1.12 0.859129608 0.567
0.859829903 1.11 0.859829903 0.636
0.860530257 1.12 0.860530257 0.619
0.861230612 1.12 0.861230612 0.666
0.861930966 1.12 0.861930966 0.559
0.862631321 1.12 0.862631321 0.634
0.863331676 1.11 0.863331676 0.632
0.86403203 1.11 0.86403203 0.636
0.864732385 1.12 0.864732385 0.619
0.86543268 1.12 0.86543268 0.518
0.866133094 1.11 0.866133094 0.64
0.866833389 1.11 0.866833389 0.654
0.867533803 1.12 0.867533803 0.685
0.868234098 1.12 0.868234098 0.634
0.868934512 1.12 0.868934512 0.614
0.869634807 1.11 0.869634807 0.626
0.870335162 1.11 0.870335162 0.632
0.871035516 1.12 0.871035516 0.577
0.871735871 1.12 0.871735871 0.624
0.872436225 1.12 0.872436225 0.592
0.87313658 1.12 0.87313658 0.604
0.873836935 1.11 0.873836935 0.65
0.874537289 1.11 0.874537289 0.64
0.875237584 1.12 0.875237584 0.61
0.875937998 1.12 0.875937998 0.576
0.876638293 1.12 0.876638293 0.612
0.877338707 1.12 0.877338707 0.6
0.878039002 1.12 0.878039002 0.585
0.878739417 1.11 0.878739417 0.568
0.879439712 1.12 0.879439712 0.531
0.880140066 1.12 0.880140066 0.61
0.880840421 1.12 0.880840421 0.569
0.881540775 1.12 0.881540775 0.72
0.88224113 1.12 0.88224113 0.556
0.882941484 1.11 0.882941484 0.583
0.883641839 1.11 0.883641839 0.578
0.884342194 1.11 0.884342194 0.615
0.885042489 1.12 0.885042489 0.541
0.885742903 1.12 0.885742903 0.547
0.886443198 1.12 0.886443198 0.489
0.887143612 1.12 0.887143612 0.613
0.887843907 1.12 0.887843907 0.557
0.888544321 1.11 0.888544321 0.56
0.889244616 1.12 0.889244616 0.507
0.88994503 1.11 0.88994503 0.575
0.890645325 1.11 0.890645325 0.474
0.89134568 1.12 0.89134568 0.582
0.892046034 1.12 0.892046034 0.602
0.892746389 1.11 0.892746389 0.532
0.893446743 1.12 0.893446743 0.588
0.894147098 1.12 0.894147098 0.557
0.894847393 1.12 0.894847393 0.524
0.895547807 1.12 0.895547807 0.563
0.896248102 1.12 0.896248102 0.6
0.896948516 1.11 0.896948516 0.526
0.897648811 1.12 0.897648811 0.469
0.898349226 1.12 0.898349226 0.63
0.89904952 1.11 0.89904952 0.433
0.899749935 1.11 0.899749935 0.476
0.90045023 1.11 0.90045023 0.452
0.901150584 1.11 0.901150584 0.454
0.901850939 1.11 0.901850939 0.475
0.902551293 1.11 0.902551293 0.506
0.903251648 1.11 0.903251648 0.498
0.903952003 1.12 0.903952003 0.514
0.904652357 1.11 0.904652357 0.531
0.905352712 1.11 0.905352712 0.538
0.906053007 1.11 0.906053007 0.507
0.906753421 1.11 0.906753421 0.487
0.907453716 1.11 0.907453716 0.493
0.90815407 1.11 0.90815407 0.514
0.908854425 1.1 0.908854425 0.534
0.90955472 1.11 0.90955472 0.515
0.910255134 1.11 0.910255134 0.573
0.910955429 1.1 0.910955429 0.494
0.911655843 1.1 0.911655843 0.54
0.912356138 1.11 0.912356138 0.536
0.913056552 1.11 0.913056552 0.53
0.913756847 1.11 0.913756847 0.545
0.914457262 1.1 0.914457262 0.534
0.915157557 1.11 0.915157557 0.492
0.915857911 1.11 0.915857911 0.526
0.916558266 1.1 0.916558266 0.484
0.91725862 1.1 0.91725862 0.518
0.917958975 1.11 0.917958975 0.468
0.918659329 1.1 0.918659329 0.469
0.919359684 1.1 0.919359684 0.493
0.920060039 1.1 0.920060039 0.511
0.920760334 1.1 0.920760334 0.479
0.921460748 1.1 0.921460748 0.49
0.922161043 1.1 0.922161043 0.514
0.922861457 1.1 0.922861457 0.476
0.923561752 1.1 0.923561752 0.476
0.924262166 1.1 0.924262166 0.483
0.924962461 1.1 0.924962461 0.496
0.925662816 1.1 0.925662816 0.502
0.92636317 1.1 0.92636317 0.503
0.927063525 1.1 0.927063525 0.496
0.927763879 1.1 0.927763879 0.468
0.928464234 1.1 0.928464234 0.528
0.929164588 1.1 0.929164588 0.505
0.929864943 1.1 0.929864943 0.475
0.930565238 1.1 0.930565238 0.388
0.931265652 1.1 0.931265652 0.564
0.931965947 1.1 0.931965947 0.522
0.932666361 1.09 0.932666361 0.504
0.933366656 1.1 0.933366656 0.493
0.93406707 1.1 0.93406707 0.679
0.934767365 1.1 0.934767365 0.463
0.93546772 1.1 0.93546772 0.517
0.936168075 1.1 0.936168075 0.51
0.936868429 1.1 0.936868429 0.467
0.937568784 1.1 0.937568784 0.458
0.938269138 1.09 0.938269138 0.505
0.938969493 1.09 0.938969493 0.492
0.939669847 1.1 0.939669847 0.496
0.940370142 1.09 0.940370142 0.489
0.941070557 1.09 0.941070557 0.514
0.941770852 1.1 0.941770852 0.567
0.942471266 1.09 0.942471266 0.319
0.943171561 1.09 0.943171561 0.489
0.943871975 1.09 0.943871975 0.48
0.94457227 1.09 0.94457227 0.339
0.945272684 1.09 0.945272684 0.529
0.945972979 1.09 0.945972979 0.401
0.946673334 1.09 0.946673334 0.398
0.947373688 1.1 0.947373688 0.452
0.948074043 1.09 0.948074043 0.472
0.948774397 1.09 0.948774397 0.427
0.949474752 1.09 0.949474752 0.405
0.950175047 1.09 0.950175047 0.462
0.950875461 1.09 0.950875461 0.469
0.951575756 1.09 0.951575756 0.479
0.95227617 1.09 0.95227617 0.479
0.952976465 1.09 0.952976465 0.433
0.953676879 1.09 0.953676879 0.478
0.954377174 1.09 0.954377174 0.426
0.955077589 1.09 0.955077589 0.49
0.955777884 1.09 0.955777884 0.492
0.956478238 1.09 0.956478238 0.491
0.957178593 1.09 0.957178593 0.463
0.957878947 1.09 0.957878947 0.508
0.958579302 1.09 0.958579302 0.421
0.959279656 1.09 0.959279656 0.466
0.959980011 1.09 0.959980011 0.491
0.960680366 1.09 0.960680366 0.459
0.961380661 1.08 0.961380661 0.44
0.962081075 1.09 0.962081075 0.48
0.96278137 1.09 0.96278137 0.45
0.963481784 1.09 0.963481784 0.504
0.964182079 1.1 0.964182079 0.478
0.964882493 1.09 0.964882493 0.435
0.965582788 1.09 0.965582788 0.487
0.966283143 1.09 0.966283143 0.435
0.966983497 1.09 0.966983497 0.461
0.967683852 1.09 0.967683852 0.442
0.968384206 1.09 0.968384206 0.461
0.969084561 1.09 0.969084561 0.45
0.969784915 1.09 0.969784915 0.399
0.97048527 1.09 0.97048527 0.473
0.971185565 1.09 0.971185565 0.437
0.971885979 1.09 0.971885979 0.437
0.972586274 1.09 0.972586274 0.435
0.973286688 1.09 0.973286688 0.402
0.973986983 1.09 0.973986983 0.435
0.974687397 1.1 0.974687397 0.359
0.975387692 1.09 0.975387692 0.475
0.976088047 1.09 0.976088047 0.413
0.976788402 1.1 0.976788402 0.42
0.977488756 1.09 0.977488756 0.451
0.978189111 1.09 0.978189111 0.365
0.978889465 1.1 0.978889465 0.404
0.97958982 1.1 0.97958982 0.424
0.980290174 1.09 0.980290174 0.366
0.980990469 1.1 0.980990469 0.415
0.981690884 1.1 0.981690884 0.41
0.982391179 1.1 0.982391179 0.393
0.983091593 1.1 0.983091593 0.295
0.983791888 1.1 0.983791888 0.379
0.984492302 1.1 0.984492302 0.41
0.985192597 1.1 0.985192597 0.431
0.985893011 1.09 0.985893011 0.365
0.986593306 1.1 0.986593306 0.39
0.987293601 1.1 0.987293601 0.434
0.987994015 1.1 0.987994015 0.376
0.98869431 1.11 0.98869431 0.425
0.989394724 1.1 0.989394724 0.422
0.990095019 1.1 0.990095019 0.487
0.990795374 1.1 0.990795374 0.491
0.991495728 1.1 0.991495728 0.336
0.992196083 1.1 0.992196083 0.383
0.992896438 1.1 0.992896438 0.399
0.993596792 1.1 0.993596792 0.49
0.994297147 1.11 0.994297147 0.291
0.994997501 1.1 0.994997501 0.325
0.995697796 1.09 0.995697796 0.513
0.996398211 1.1 0.996398211 0.527
0.997098505 1.11 0.997098505 0.389
0.99779892 1.1 0.99779892 0.42
0.998499215 1.1 0.998499215 0.467
0.999199629 1.12 0.999199629 0.452
0.999899924 1.11 0.999899924 0.413
1.000600338 1.11 1.000600338 0.455
1.001300573 1.11 1.001300573 0.486
1.002001047 1.11 1.002001047 0.501
1.002701283 1.11 1.002701283 0.442
1.003401756 1.11 1.003401756 0.53
1.004101992 1.11 1.004101992 0.496
1.004802465 1.1 1.004802465 0.51
1.005502701 1.11 1.005502701 0.5
1.006203055 1.11 1.006203055 0.548
1.00690341 1.11 1.00690341 0.54
1.007603765 1.11 1.007603765 0.37
1.008304119 1.11 1.008304119 0.545
1.009004474 1.11 1.009004474 0.539
1.009704828 1.11 1.009704828 0.54
1.010405183 1.12 1.010405183 0.569
1.011105537 1.12 1.011105537 0.557
1.011805892 1.11 1.011805892 0.544
1.012506247 1.12 1.012506247 0.546
1.013206601 1.11 1.013206601 0.589
1.013906956 1.1 1.013906956 0.532
1.01460731 1.12 1.01460731 0.58
1.015307665 1.11 1.015307665 0.583
1.016008019 1.11 1.016008019 0.632
1.016708374 1.12 1.016708374 0.609
1.017408729 1.12 1.017408729 0.632
1.018109083 1.12 1.018109083 0.61
1.018809438 1.12 1.018809438 0.64
1.019509792 1.12 1.019509792 0.631
1.020210147 1.11 1.020210147 0.692
1.020910382 1.12 1.020910382 0.642
1.021610856 1.12 1.021610856 0.674
1.022311091 1.13 1.022311091 0.673
1.023011565 1.12 1.023011565 0.645
1.023711801 1.12 1.023711801 0.623
1.024412274 1.12 1.024412274 0.656
1.02511251 1.12 1.02511251 0.709
1.025812984 1.12 1.025812984 0.725
1.026513219 1.12 1.026513219 0.72
1.027213573 1.11 1.027213573 0.693
1.027913928 1.12 1.027913928 0.885
1.028614283 1.12 1.028614283 0.634
1.029314637 1.13 1.029314637 0.775
1.030014992 1.12 1.030014992 0.718
1.030715346 1.12 1.030715346 0.689
1.031415701 1.12 1.031415701 0.734
1.032116055 1.12 1.032116055 0.727
1.03281641 1.13 1.03281641 0.712
1.033516765 1.13 1.033516765 0.751
1.034217119 1.13 1.034217119 0.706
1.034917474 1.12 1.034917474 0.729
1.035617828 1.13 1.035617828 0.716
1.036318183 1.13 1.036318183 0.74
1.037018538 1.13 1.037018538 0.739
1.037718892 1.12 1.037718892 0.763
1.038419247 1.13 1.038419247 0.864
1.039119601 1.12 1.039119601 0.771
1.039819956 1.13 1.039819956 0.738
1.04052031 1.13 1.04052031 0.877
1.041220665 1.13 1.041220665 0.655
1.0419209 1.13 1.0419209 0.824
1.042621374 1.13 1.042621374 0.769
1.043321609 1.13 1.043321609 0.769
1.044022083 1.13 1.044022083 0.815
1.044722319 1.13 1.044722319 0.83
1.045422792 1.13 1.045422792 0.83
1.046123028 1.14 1.046123028 0.882
1.046823382 1.13 1.046823382 0.85
1.047523737 1.13 1.047523737 0.824
1.048224092 1.13 1.048224092 0.836
1.048924446 1.13 1.048924446 0.956
1.049624801 1.14 1.049624801 0.859
1.050325155 1.13 1.050325155 0.899
1.05102551 1.13 1.05102551 0.896
1.051725864 1.14 1.051725864 0.866
1.052426219 1.13 1.052426219 0.87
1.053126574 1.13 1.053126574 0.87
1.053826928 1.13 1.053826928 0.883
1.054527283 1.13 1.054527283 0.899
1.055227637 1.13 1.055227637 0.891
1.055927992 1.13 1.055927992 0.979
1.056628346 1.14 1.056628346 0.908
1.057328701 1.14 1.057328701 0.936
1.058029056 1.13 1.058029056 0.921
1.05872941 1.14 1.05872941 0.919
1.059429765 1.13 1.059429765 0.927
1.060130119 1.14 1.060130119 0.942
1.060830474 1.13 1.060830474 0.909
1.061530709 1.14 1.061530709 0.963
1.062231183 1.13 1.062231183 0.948
1.062931418 1.14 1.062931418 0.974
1.063631892 1.14 1.063631892 0.948
1.064332128 1.14 1.064332128 0.93
1.065032601 1.14 1.065032601 0.928
1.065732837 1.14 1.065732837 0.962
1.066433311 1.13 1.066433311 0.977
1.067133546 1.14 1.067133546 0.95
1.0678339 1.13 1.0678339 0.993
1.068534255 1.14 1.068534255 0.993
1.06923461 1.13 1.06923461 0.969
1.069934964 1.13 1.069934964 0.979
1.070635319 1.14 1.070635319 0.976
1.071335673 1.14 1.071335673 0.948
1.072036028 1.14 1.072036028 1.07
1.072736382 1.13 1.072736382 1.01
1.073436737 1.14 1.073436737 1.01
1.074137092 1.13 1.074137092 1.01
1.074837446 1.13 1.074837446 0.998
1.075537801 1.14 1.075537801 0.963
1.076238036 1.14 1.076238036 1.04
1.07693851 1.13 1.07693851 0.881
1.077638745 1.14 1.077638745 1.01
1.078339219 1.14 1.078339219 0.859
1.079039454 1.13 1.079039454 1.01
1.079739928 1.12 1.079739928 0.977
1.080440164 1.13 1.080440164 1.02
1.081140637 1.13 1.081140637 1.01
1.081840873 1.13 1.081840873 0.979
1.082541227 1.13 1.082541227 1.01
1.083241582 1.13 1.083241582 0.974
1.083941936 1.13 1.083941936 0.991
1.084642291 1.13 1.084642291 0.977
1.085342646 1.14 1.085342646 1.0
1.086043 1.13 1.086043 0.981
1.086743355 1.13 1.086743355 1.02
1.087443709 1.13 1.087443709 0.963
1.088144064 1.12 1.088144064 0.941
1.088844419 1.13 1.088844419 1.01
1.089544773 1.13 1.089544773 1.02
1.090245128 1.13 1.090245128 0.936
1.090945482 1.13 1.090945482 1.15
1.091645837 1.13 1.091645837 1.0
1.092346191 1.13 1.092346191 1.09
1.093046546 1.12 1.093046546 0.929
1.093746901 1.12 1.093746901 0.987
1.094447255 1.13 1.094447255 0.921
1.09514761 1.12 1.09514761 0.961
1.095847964 1.12 1.095847964 1.05
1.096548319 1.12 1.096548319 1.02
1.097248554 1.13 1.097248554 0.96
1.097949028 1.12 1.097949028 0.975
1.098649263 1.13 1.098649263 0.861
1.099349737 1.12 1.099349737 0.982
1.100050092 1.12 1.100050092 0.943
1.100750446 1.12 1.100750446 0.931
1.101450682 1.11 1.101450682 0.894
1.102151036 1.12 1.102151036 0.93
1.10285151 1.11 1.10285151 0.922
1.103551745 1.11 1.103551745 0.929
1.1042521 1.12 1.1042521 0.882
1.104952455 1.12 1.104952455 0.915
1.105652928 1.12 1.105652928 0.895
1.106353164 1.11 1.106353164 0.905
1.107053518 1.11 1.107053518 0.896
1.107753873 1.11 1.107753873 0.939
1.108454227 1.11 1.108454227 0.969
1.109154582 1.11 1.109154582 0.876
1.109854937 1.12 1.109854937 0.851
1.110555291 1.11 1.110555291 0.84
1.111255646 1.11 1.111255646 0.88
1.111956 1.12 1.111956 0.867
1.112656355 1.11 1.112656355 0.848
1.11335659 1.11 1.11335659 0.85
1.114057064 1.1 1.114057064 0.86
1.114757419 1.1 1.114757419 0.938
1.115457773 1.11 1.115457773 0.863
1.116158009 1.11 1.116158009 0.858
1.116858482 1.11 1.116858482 0.88
1.117558837 1.1 1.117558837 0.881
1.118259072 1.1 1.118259072 0.858
1.118959427 1.1 1.118959427 0.88
1.119659901 1.1 1.119659901 0.839
1.120360255 1.1 1.120360255 0.867
1.121060491 1.1 1.121060491 0.816
1.121760845 1.11 1.121760845 0.839
1.122461319 1.1 1.122461319 0.891
1.123161554 1.1 1.123161554 0.864
1.123861909 1.1 1.123861909 0.929
1.124562263 1.1 1.124562263 0.794
1.125262737 1.1 1.125262737 0.776
1.125962973 1.09 1.125962973 0.698
1.126663327 1.1 1.126663327 0.834
1.127363682 1.1 1.127363682 0.927
1.128064036 1.09 1.128064036 0.911
1.128764391 1.09 1.128764391 0.838
1.129464746 1.09 1.129464746 0.844
1.1301651 1.09 1.1301651 0.799
1.130865455 1.09 1.130865455 0.845
1.131565809 1.09 1.131565809 0.86
1.132266164 1.09 1.132266164 0.805
1.132966399 1.09 1.132966399 0.822
1.133666873 1.09 1.133666873 0.845
1.134367228 1.09 1.134367228 0.83
1.135067582 1.09 1.135067582 0.875
1.135767817 1.08 1.135767817 0.806
1.136468291 1.09 1.136468291 0.822
1.137168646 1.08 1.137168646 0.875
1.137868881 1.09 1.137868881 0.874
1.138569236 1.08 1.138569236 0.855
1.13926971 1.09 1.13926971 0.928
1.139970064 1.09 1.139970064 0.865
1.1406703 1.08 1.1406703 0.898
1.141370654 1.08 1.141370654 0.909
1.142071128 1.08 1.142071128 0.831
1.142771363 1.08 1.142771363 0.916
1.143471718 1.08 1.143471718 0.874
1.144172072 1.08 1.144172072 0.893
1.144872546 1.08 1.144872546 0.853
1.145572782 1.08 1.145572782 0.875
1.146273136 1.09 1.146273136 0.947
1.146973491 1.09 1.146973491 0.965
1.147673726 1.08 1.147673726 0.788
1.1483742 1.08 1.1483742 0.815
1.149074554 1.08 1.149074554 0.902
1.149774909 1.08 1.149774909 0.9
1.150475144 1.07 1.150475144 0.879
1.151175618 1.08 1.151175618 0.928
1.151875973 1.08 1.151875973 0.903
1.152576208 1.07 1.152576208 0.921
1.153276563 1.08 1.153276563 0.937
1.153977036 1.08 1.153977036 0.968
1.154677391 1.08 1.154677391 0.934
1.155377626 1.08 1.155377626 0.967
1.156077981 1.08 1.156077981 0.925
1.156778455 1.08 1.156778455 0.995
1.15747869 1.08 1.15747869 0.967
1.158179045 1.08 1.158179045 0.985
1.158879399 1.08 1.158879399 0.94
1.159579873 1.08 1.159579873 0.962
1.160280108 1.08 1.160280108 0.961
1.160980463 1.08 1.160980463 0.964
1.161680818 1.08 1.161680818 0.955
1.162381291 1.08 1.162381291 1.01
1.163081527 1.07 1.163081527 0.966
1.163781881 1.08 1.163781881 0.934
1.164482236 1.07 1.164482236 0.983
1.16518259 1.09 1.16518259 0.982
1.165882945 1.08 1.165882945 0.996
1.1665833 1.08 1.1665833 0.995
1.167283535 1.09 1.167283535 0.995
1.167984009 1.08 1.167984009 0.995
1.168684363 1.09 1.168684363 0.941
1.169384718 1.08 1.169384718 1.01
1.170084953 1.08 1.170084953 0.995
1.170785427 1.08 1.170785427 1.03
1.171485782 1.09 1.171485782 1.01
1.172186017 1.08 1.172186017 1.03
1.172886372 1.09 1.172886372 0.954
1.173586845 1.09 1.173586845 1.11
1.1742872 1.09 1.1742872 0.983
1.174987435 1.09 1.174987435 1.1
1.17568779 1.09 1.17568779 1.06
1.176388264 1.09 1.176388264 0.99
1.177088618 1.09 1.177088618 1.05
1.177788854 1.09 1.177788854 1.02
1.178489208 1.09 1.178489208 1.05
1.179189682 1.1 1.179189682 0.976
1.179889917 1.1 1.179889917 1.41
1.180590272 1.1 1.180590272 0.992
1.181290627 1.1 1.181290627 1.04
1.1819911 1.1 1.1819911 1.04
1.182691336 1.1 1.182691336 1.08
1.18339169 1.1 1.18339169 1.05
1.184092045 1.09 1.184092045 1.09
1.184792399 1.1 1.184792399 1.09
1.185492754 1.1 1.185492754 1.08
1.186193109 1.11 1.186193109 1.12
1.186893344 1.11 1.186893344 0.987
1.187593818 1.1 1.187593818 1.0
1.188294172 1.11 1.188294172 1.11
1.188994527 1.11 1.188994527 1.06
1.189694762 1.11 1.189694762 1.05
1.190395236 1.11 1.190395236 1.05
1.191095591 1.11 1.191095591 1.1
1.191795945 1.11 1.191795945 1.15
1.192496181 1.11 1.192496181 1.1
1.193196654 1.12 1.193196654 1.06
1.193897009 1.12 1.193897009 1.04
1.194597244 1.11 1.194597244 1.11
1.195297599 1.11 1.195297599 1.04
1.195998073 1.12 1.195998073 1.15
1.196698427 1.11 1.196698427 1.04
1.197398663 1.12 1.197398663 1.02
1.198099017 1.12 1.198099017 1.17
1.198799491 1.12 1.198799491 1.16
1.199499726 1.12 1.199499726 1.19
1.200200081 1.13 1.200200081 1.07
1.200900435 1.13 1.200900435 1.08
1.201600909 1.13 1.201600909 1.09
1.202301145 1.12 1.202301145 1.09
1.203001499 1.13 1.203001499 1.07
1.203701854 1.13 1.203701854 1.09
1.204402208 1.13 1.204402208 1.09
1.205102563 1.13 1.205102563 1.12
1.205802917 1.13 1.205802917 1.08
1.206503272 1.13 1.206503272 1.09
1.207203627 1.14 1.207203627 1.08
1.207903981 1.14 1.207903981 1.09
1.208604336 1.14 1.208604336 1.07
1.209304571 1.13 1.209304571 1.13
1.210005045 1.13 1.210005045 1.11
1.2107054 1.14 1.2107054 1.11
1.211405754 1.14 1.211405754 1.11
1.212105989 1.14 1.212105989 1.11
1.212806463 1.14 1.212806463 0.778
1.213506818 1.14 1.213506818 1.07
1.214207053 1.15 1.214207053 1.03
1.214907408 1.14 1.214907408 1.1
1.215607882 1.14 1.215607882 0.985
1.216308236 1.15 1.216308236 1.02
1.217008471 1.14 1.217008471 1.11
1.217708826 1.15 1.217708826 1.05
1.2184093 1.15 1.2184093 1.05
1.219109535 1.16 1.219109535 1.03
1.21980989 1.16 1.21980989 1.03
1.220510244 1.16 1.220510244 0.989
1.221210718 1.15 1.221210718 0.969
1.221910954 1.16 1.221910954 1.06
1.222611308 1.16 1.222611308 1.09
1.223311663 1.15 1.223311663 0.996
1.224012017 1.16 1.224012017 1.0
1.224712372 1.16 1.224712372 1.08
1.225412726 1.17 1.225412726 1.01
1.226113081 1.16 1.226113081 1.07
1.226813316 1.16 1.226813316 0.98
1.22751379 1.17 1.22751379 0.97
1.228214145 1.16 1.228214145 0.959
1.22891438 1.16 1.22891438 0.845
1.229614735 1.17 1.229614735 0.975
1.230315208 1.16 1.230315208 0.99
1.231015563 1.17 1.231015563 0.944
1.231715798 1.17 1.231715798 0.943
1.232416153 1.16 1.232416153 0.981
1.233116627 1.16 1.233116627 0.939
1.233816862 1.17 1.233816862 0.968
1.234517217 1.17 1.234517217 0.966
1.235217571 1.17 1.235217571 0.933
1.235918045 1.17 1.235918045 0.958
1.23661828 1.17 1.23661828 0.898
1.237318635 1.17 1.237318635 0.914
1.23801899 1.18 1.23801899 0.936
1.238719344 1.18 1.238719344 0.919
1.239419699 1.18 1.239419699 0.865
1.240120053 1.18 1.240120053 0.867
1.240820408 1.17 1.240820408 0.884
1.241520762 1.17 1.241520762 0.939
1.242221117 1.18 1.242221117 0.844
1.242921472 1.18 1.242921472 0.982
1.243621707 1.18 1.243621707 0.868
1.244322181 1.18 1.244322181 0.81
1.245022535 1.18 1.245022535 0.901
1.24572289 1.17 1.24572289 0.903
1.246423125 1.18 1.246423125 0.879
1.247123599 1.19 1.247123599 0.805
1.247823954 1.18 1.247823954 0.885
1.248524189 1.18 1.248524189 0.793
1.249224544 1.18 1.249224544 0.846
1.249925017 1.19 1.249925017 0.792
1.250625372 1.18 1.250625372 0.842
1.251325607 1.18 1.251325607 0.863
1.252025962 1.18 1.252025962 0.784
1.252726436 1.19 1.252726436 0.79
1.253426671 1.19 1.253426671 0.798
1.254127026 1.18 1.254127026 0.791
1.25482738 1.19 1.25482738 0.795
1.255527854 1.18 1.255527854 0.84
1.256228089 1.19 1.256228089 0.758
1.256928444 1.18 1.256928444 0.751
1.257628798 1.19 1.257628798 0.784
1.258329272 1.18 1.258329272 0.756
1.259029508 1.18 1.259029508 0.782
1.259729862 1.18 1.259729862 0.771
1.260430217 1.18 1.260430217 0.732
1.261130571 1.18 1.261130571 0.747
1.261830926 1.19 1.261830926 0.754
1.262531281 1.19 1.262531281 0.696
1.263231516 1.19 1.263231516 0.777
1.26393199 1.18 1.26393199 0.696
1.264632344 1.18 1.264632344 0.701
1.265332699 1.18 1.265332699 0.711
1.266032934 1.18 1.266032934 0.631
1.266733408 1.18 1.266733408 0.686
1.267433763 1.19 1.267433763 0.722
1.268133998 1.18 1.268133998 0.676
1.268834352 1.18 1.268834352 0.635
1.269534826 1.18 1.269534826 0.66
1.270235181 1.18 1.270235181 0.632
1.270935416 1.18 1.270935416 0.681
1.271635771 1.18 1.271635771 0.82
1.272336245 1.18 1.272336245 0.6
1.273036599 1.18 1.273036599 0.754
1.273736835 1.18 1.273736835 0.59
1.274437189 1.18 1.274437189 0.553
1.275137663 1.18 1.275137663 0.664
1.275837898 1.18 1.275837898 0.667
1.276538253 1.17 1.276538253 0.644
1.277238607 1.18 1.277238607 0.565
1.277939081 1.17 1.277939081 0.65
1.278639317 1.17 1.278639317 0.661
1.279339671 1.17 1.279339671 0.691
1.280040026 1.18 1.280040026 0.635
1.28074038 1.17 1.28074038 0.675
1.281440735 1.17 1.281440735 0.638
1.282141089 1.17 1.282141089 0.659
1.282841325 1.16 1.282841325 0.667
1.283541799 1.18 1.283541799 0.713
1.284242153 1.16 1.284242153 0.677
1.284942508 1.16 1.284942508 0.694
1.285642743 1.17 1.285642743 0.654
1.286343217 1.16 1.286343217 0.672
1.287043571 1.16 1.287043571 0.586
1.287743926 1.16 1.287743926 0.67
1.288444161 1.15 1.288444161 0.717
1.289144635 1.17 1.289144635 0.656
1.28984499 1.16 1.28984499 0.677
1.290545225 1.15 1.290545225 0.682
1.29124558 1.15 1.29124558 0.647
1.291946054 1.15 1.291946054 0.695
1.292646408 1.15 1.292646408 0.706
1.293346643 1.14 1.293346643 0.749
1.294046998 1.15 1.294046998 0.712
1.294747472 1.14 1.294747472 0.747
1.295447707 1.14 1.295447707 0.8
1.296148062 1.15 1.296148062 0.672
1.296848416 1.15 1.296848416 0.785
1.29754889 1.14 1.29754889 0.693
1.298249125 1.15 1.298249125 0.794
1.29894948 1.14 1.29894948 0.729
1.299649835 1.14 1.299649835 0.687
1.300350189 1.13 1.300350189 0.685
1.301050544 1.14 1.301050544 0.675
1.301750898 1.13 1.301750898 0.712
1.302451253 1.13 1.302451253 0.723
1.303151608 1.13 1.303151608 0.814
1.303851962 1.12 1.303851962 0.701
1.304552317 1.12 1.304552317 0.717
1.305252552 1.13 1.305252552 0.688
1.305952907 1.12 1.305952907 0.75
1.30665338 1.12 1.30665338 0.725
1.307353735 1.12 1.307353735 0.732
1.30805397 1.11 1.30805397 0.727
1.308754325 1.12 1.308754325 0.71
1.309454799 1.11 1.309454799 0.732
1.310155034 1.11 1.310155034 0.737
1.310855389 1.1 1.310855389 0.762
1.311555743 1.11 1.311555743 0.728
1.312256217 1.11 1.312256217 0.776
1.312956452 1.11 1.312956452 0.734
1.313656807 1.11 1.313656807 0.741
1.314357162 1.1 1.314357162 0.75
1.315057516 1.1 1.315057516 0.768
1.315757871 1.09 1.315757871 0.771
1.316458225 1.09 1.316458225 0.734
1.31715858 1.09 1.31715858 0.765
1.317858934 1.09 1.317858934 0.746
1.318559289 1.09 1.318559289 0.714
1.319259644 1.08 1.319259644 0.756
1.319959879 1.08 1.319959879 0.774
1.320660353 1.08 1.320660353 0.745
1.321360707 1.08 1.321360707 0.693
1.322061062 1.08 1.322061062 0.722
1.322761297 1.07 1.322761297 0.765
1.323461771 1.07 1.323461771 0.586
1.324162126 1.06 1.324162126 0.768
1.324862361 1.07 1.324862361 0.758
1.325562716 1.07 1.325562716 0.756
1.326263189 1.06 1.326263189 0.789
1.326963544 1.06 1.326963544 0.637
1.327663779 1.06 1.327663779 0.719
1.328364134 1.06 1.328364134 0.781
1.329064608 1.05 1.329064608 0.758
1.329764843 1.06 1.329764843 0.737
1.330465198 1.05 1.330465198 0.772
1.331165552 1.04 1.331165552 0.736
1.331866026 1.04 1.331866026 0.662
1.332566261 1.05 1.332566261 0.72
1.333266616 1.04 1.333266616 0.722
1.33396697 1.04 1.33396697 0.693
1.334667325 1.03 1.334667325 0.76
1.33536768 1.04 1.33536768 0.751
1.336068034 1.03 1.336068034 0.81
1.336768389 1.02 1.336768389 0.809
1.337468743 1.02 1.337468743 0.809
1.338169098 1.02 1.338169098 0.717
1.338869452 1.02 1.338869452 0.834
1.339569688 1.01 1.339569688 0.818
1.340270162 1.02 1.340270162 0.659
1.340970516 1.02 1.340970516 0.712
1.341670871 1.01 1.341670871 0.639
1.342371106 1.0 1.342371106 0.567
1.34307158 1.0 1.34307158 0.844
1.343771935 1.01 1.343771935 0.601
1.34447217 1.0 1.34447217 0.651
1.345172524 1.0 1.345172524 0.699
1.345872998 1.01 1.345872998 0.719
1.346573353 1.01 1.346573353 0.717
1.347273588 1.02 1.347273588 0.68
1.347973943 1.02 1.347973943 0.704
1.348674417 1.02 1.348674417 0.611
1.349374652 1.02 1.349374652 0.691
1.350075006 1.02 1.350075006 0.689
1.350775361 1.02 1.350775361 0.629
1.351475835 1.03 1.351475835 0.65
1.35217607 1.03 1.35217607 0.635
1.352876425 1.03 1.352876425 0.662
1.353576779 1.04 1.353576779 0.618
1.354277253 1.05 1.354277253 0.602
1.354977489 1.05 1.354977489 0.565
1.355677843 1.05 1.355677843 0.622
1.356378198 1.05 1.356378198 0.604
1.357078552 1.05 1.357078552 0.597
1.357778907 1.05 1.357778907 0.556
1.358479261 1.06 1.358479261 0.59
1.359179497 1.06 1.359179497 0.588
1.359879971 1.07 1.359879971 0.578
1.360580325 1.07 1.360580325 0.534
1.36128068 1.07 1.36128068 0.559
1.361980915 1.08 1.361980915 0.577
1.362681389 1.08 1.362681389 0.531
1.363381743 1.08 1.363381743 0.498
1.364081979 1.08 1.364081979 0.497
1.364782333 1.09 1.364782333 0.513
1.365482807 1.09 1.365482807 0.569
1.366183162 1.1 1.366183162 0.531
1.366883397 1.09 1.366883397 0.477
1.367583752 1.1 1.367583752 0.487
1.368284225 1.11 1.368284225 0.513
1.36898458 1.11 1.36898458 0.44
1.369684815 1.11 1.369684815 0.542
1.37038517 1.12 1.37038517 0.419
1.371085644 1.12 1.371085644 0.315
1.371785879 1.12 1.371785879 0.641
1.372486234 1.12 1.372486234 0.45
1.373186588 1.13 1.373186588 0.46
1.373887062 1.13 1.373887062 0.412
1.374587297 1.14 1.374587297 0.414
1.375287652 1.14 1.375287652 0.436
1.375988007 1.14 1.375988007 -0.125
1.376688361 1.15 1.376688361 0.394
1.377388716 1.14 1.377388716 0.392
1.37808907 1.16 1.37808907 0.404
1.378789306 1.14 1.378789306 0.418
1.379489779 1.16 1.379489779 0.436
1.380190134 1.17 1.380190134 0.401
1.380890489 1.16 1.380890489 0.389
1.381590724 1.18 1.381590724 0.351
1.382291198 1.17 1.382291198 0.399
1.382991552 1.18 1.382991552 0.362
1.383691907 1.19 1.383691907 0.381
1.384392142 1.18 1.384392142 0.352
1.385092497 1.19 1.385092497 0.374
1.385792971 1.19 1.385792971 0.425
1.386493206 1.19 1.386493206 0.274
1.387193561 1.19 1.387193561 0.35
1.387893915 1.21 1.387893915 0.361
1.388594389 1.21 1.388594389 0.229
1.389294624 1.21 1.389294624 0.412
1.389994979 1.21 1.389994979 0.308
1.390695333 1.21 1.390695333 0.349
1.391395688 1.22 1.391395688 0.312
1.392096043 1.23 1.392096043 0.171
1.392796397 1.22 1.392796397 0.196
1.393496752 1.24 1.393496752 0.278
1.394197106 1.23 1.394197106 0.354
1.394897461 1.24 1.394897461 0.382
1.395597816 1.24 1.395597816 0.362
1.396298051 1.24 1.396298051 0.192
1.396998525 1.25 1.396998525 0.255
1.397698879 1.25 1.397698879 0.41
1.398399234 1.26 1.398399234 0.193
1.399099469 1.26 1.399099469 0.241
1.399799943 1.26 1.399799943 0.208
1.400500298 1.26 1.400500298 0.161
1.401200533 1.27 1.401200533 0.25
1.401900887 1.28 1.401900887 0.195
1.402601361 1.28 1.402601361 0.228
1.403301716 1.27 1.403301716 0.287
1.404001951 1.28 1.404001951 0.227
1.404702306 1.29 1.404702306 0.234
1.40540278 1.3 1.40540278 0.272
1.406103015 1.3 1.406103015 0.273
1.40680337 1.3 1.40680337 0.21
1.407503724 1.3 1.407503724 0.257
1.408204198 1.31 1.408204198 0.242
1.408904433 1.32 1.408904433 0.219
1.409604788 1.32 1.409604788 0.209
1.410305142 1.31 1.410305142 0.228
1.411005497 1.32 1.411005497 0.279
1.411705852 1.33 1.411705852 0.291
1.412406206 1.33 1.412406206 0.256
1.413106561 1.33 1.413106561 0.316
1.413806915 1.34 1.413806915 0.23
1.41450727 1.34 1.41450727 0.226
1.415207624 1.35 1.415207624 0.247
1.41590786 1.35 1.41590786 0.217
1.416608334 1.35 1.416608334 0.238
1.417308688 1.35 1.417308688 0.328
1.418009043 1.35 1.418009043 0.14
1.418709278 1.37 1.418709278 0.209
1.419409752 1.37 1.419409752 0.202
1.420110106 1.37 1.420110106 0.357
1.420810342 1.37 1.420810342 0.098
1.421510696 1.37 1.421510696 0.236
1.42221117 1.38 1.42221117 0.139
1.422911525 1.38 1.422911525 0.232
1.42361176 1.39 1.42361176 0.201
1.424312115 1.39 1.424312115 0.237
1.425012589 1.39 1.425012589 0.718
1.425712824 1.39 1.425712824 0.719
1.426413178 1.4 1.426413178 0.176
1.427113533 1.41 1.427113533 0.241
1.427814007 1.4 1.427814007 0.24
1.428514242 1.41 1.428514242 0.192
1.429214597 1.42 1.429214597 0.222
1.429914951 1.41 1.429914951 0.249
1.430615306 1.42 1.430615306 0.263
1.43131566 1.44 1.43131566 0.207
1.432016015 1.42 1.432016015 0.22
1.43271637 1.43 1.43271637 0.171
1.433416724 1.44 1.433416724 0.239
1.434117079 1.44 1.434117079 0.211
1.434817433 1.44 1.434817433 0.305
1.435517669 1.46 1.435517669 0.266
1.436218143 1.45 1.436218143 0.246
1.436918497 1.46 1.436918497 0.253
1.437618852 1.47 1.437618852 0.272
1.438319087 1.45 1.438319087 0.344
1.439019561 1.45 1.439019561 0.19
1.439719915 1.47 1.439719915 0.26
1.440420151 1.47 1.440420151 0.251
1.441120505 1.48 1.441120505 0.191
1.441820979 1.48 1.441820979 0.093
1.442521334 1.47 1.442521334 0.367
1.443221569 1.48 1.443221569 0.31
1.443921924 1.48 1.443921924 0.258
1.444622397 1.49 1.444622397 0.361
1.445322633 1.5 1.445322633 0.286
1.446022987 1.5 1.446022987 0.172
1.446723342 1.5 1.446723342 0.314
1.447423816 1.5 1.447423816 0.248
1.448124051 1.5 1.448124051 0.237
1.448824406 1.5 1.448824406 0.224
1.44952476 1.52 1.44952476 0.276
1.450225234 1.51 1.450225234 0.22
1.450925469 1.53 1.450925469 0.253
1.451625824 1.51 1.451625824 0.231
1.452326179 1.53 1.452326179 0.27
1.453026533 1.53 1.453026533 0.26
1.453726888 1.54 1.453726888 0.264
1.454427242 1.55 1.454427242 0.318
1.455127478 1.54 1.455127478 0.311
1.455827951 1.56 1.455827951 0.331
1.456528306 1.56 1.456528306 0.343
1.457228661 1.55 1.457228661 0.333
1.457928896 1.57 1.457928896 0.325
1.45862937 1.56 1.45862937 0.35
1.459329724 1.57 1.459329724 0.355
1.460030079 1.58 1.460030079 0.378
1.460730314 1.59 1.460730314 0.327
1.461430788 1.6 1.461430788 0.341
1.462131143 1.58 1.462131143 0.421
1.462831378 1.59 1.462831378 0.412
1.463531733 1.58 1.463531733 0.379
1.464232087 1.59 1.464232087 0.379
1.464932561 1.6 1.464932561 0.437
1.465632796 1.59 1.465632796 0.544
1.466333151 1.6 1.466333151 0.297
1.467033505 1.61 1.467033505 0.316
1.46773386 1.62 1.46773386 0.364
1.468434215 1.63 1.468434215 0.544
1.469134569 1.63 1.469134569 0.589
1.469834805 1.64 1.469834805 0.391
1.470535278 1.63 1.470535278 0.504
1.471235633 1.64 1.471235633 0.451
1.471935987 1.65 1.471935987 0.515
1.472636223 1.65 1.472636223 0.544
1.473336697 1.65 1.473336697 0.493
1.474037051 1.67 1.474037051 0.583
1.474737406 1.67 1.474737406 0.447
1.475437641 1.68 1.475437641 0.561
1.476138115 1.68 1.476138115 0.639
1.47683847 1.66 1.47683847 0.589
1.477538705 1.68 1.477538705 0.637
1.478239059 1.69 1.478239059 0.606
1.478939533 1.71 1.478939533 0.636
1.479639888 1.72 1.479639888 0.634
1.480340123 1.71 1.480340123 0.658
1.481040478 1.71 1.481040478 0.659
1.481740952 1.71 1.481740952 0.707
1.482441187 1.72 1.482441187 0.734
1.483141541 1.73 1.483141541 0.735
1.483841896 1.75 1.483841896 0.779
1.48454237 1.74 1.48454237 0.907
1.485242605 1.76 1.485242605 0.751
1.48594296 1.77 1.48594296 0.724
1.486643314 1.78 1.486643314 0.825
1.487343669 1.76 1.487343669 0.794
1.488044024 1.79 1.488044024 0.807
1.488744378 1.8 1.488744378 0.773
1.489444733 1.79 1.489444733 1.01
1.490145087 1.81 1.490145087 0.868
1.490845442 1.82 1.490845442 0.949
1.491545796 1.82 1.491545796 0.969
1.492246032 1.82 1.492246032 0.851
1.492946506 1.84 1.492946506 1.21
1.49364686 1.84 1.49364686 1.03
1.494347215 1.86 1.494347215 0.982
1.49504745 1.85 1.49504745 1.08
1.495747924 1.87 1.495747924 0.953
1.496448278 1.87 1.496448278 1.05
1.497148514 1.9 1.497148514 1.01
1.497848868 1.88 1.497848868 0.966
1.498549342 1.89 1.498549342 0.984
1.499249697 1.93 1.499249697 1.38
1.499949932 1.95 1.499949932 1.03
1.500650287 1.95 1.500650287 1.02
1.50135076 1.95 1.50135076 1.06
1.502050996 2.0 1.502050996 1.12
1.50275135 1.97 1.50275135 1.07
1.503451705 2.01 1.503451705 1.08
1.504152179 2.01 1.504152179 1.11
1.504852414 2.02 1.504852414 1.09
1.505552769 2.05 1.505552769 1.12
1.506253123 2.03 1.506253123 1.13
1.506953478 2.04 1.506953478 1.13
1.507653832 2.09 1.507653832 1.19
1.508354187 2.09 1.508354187 1.18
1.509054542 2.1 1.509054542 1.13
1.509754896 2.15 1.509754896 1.16
1.510455251 2.1 1.510455251 1.15
1.511155605 2.17 1.511155605 1.17
1.511855841 2.14 1.511855841 1.11
1.512556314 2.12 1.512556314 1.08
1.513256669 2.2 1.513256669 1.19
1.513957024 2.23 1.513957024 1.16
1.514657259 2.22 1.514657259 1.11
1.515357733 2.23 1.515357733 1.03
1.516058087 2.22 1.516058087 1.13
1.516758323 2.27 1.516758323 1.21
1.517458677 2.29 1.517458677 1.22
1.518159151 2.32 1.518159151 0.961
1.518859506 2.29 1.518859506 1.04
1.519559741 2.33 1.519559741 1.12
1.520260096 2.41 1.520260096 1.15
1.520960569 2.4 1.520960569 1.18
1.521660805 2.44 1.521660805 1.12
1.522361159 2.52 1.522361159 1.11
1.523061514 2.45 1.523061514 1.04
1.523761988 2.47 1.523761988 1.06
1.524462223 2.49 1.524462223 1.07
1.525162578 2.56 1.525162578 1.1
1.525862932 2.57 1.525862932 1.06
1.526563406 2.49 1.526563406 1.03
1.527263641 2.59 1.527263641 1.03
1.527963996 2.62 1.527963996 0.989
1.528664351 2.65 1.528664351 1.01
1.529364705 2.7 1.529364705 0.955
1.53006506 2.69 1.53006506 0.952
1.530765414 2.7 1.530765414 0.892
1.53146565 2.69 1.53146565 0.901
1.532166123 2.75 1.532166123 0.932
1.532866478 2.82 1.532866478 0.902
1.533566833 2.86 1.533566833 0.875
1.534267068 2.85 1.534267068 0.807
1.534967542 2.85 1.534967542 0.768
1.535667896 2.91 1.535667896 0.748
1.536368132 2.95 1.536368132 0.467
1.537068486 2.95 1.537068486 0.637
1.53776896 2.95 1.53776896 0.796
1.538469315 2.94 1.538469315 0.683
1.53916955 3.04 1.53916955 0.646
1.539869905 2.99 1.539869905 0.687
1.540570378 3.05 1.540570378 0.568
1.541270733 3.12 1.541270733 0.42
1.541970968 3.12 1.541970968 0.289
1.542671323 3.14 1.542671323 0.438
1.543371677 3.17 1.543371677 0.513
1.544072032 3.21 1.544072032 0.32
1.544772387 3.2 1.544772387 0.145
1.545472741 3.25 1.545472741 0.002
1.546172976 3.26 1.546172976 0.105
1.54687345 3.37 1.54687345 0.123
1.547573805 3.38 1.547573805 -0.055
1.548274159 3.36 1.548274159 0.141
1.548974395 3.32 1.548974395 -0.217
1.549674869 3.36 1.549674869 -0.173
1.550375223 3.41 1.550375223 -0.158
1.551075459 3.44 1.551075459 -0.232
1.551775813 3.4 1.551775813 -0.277
1.552476287 3.38 1.552476287 -0.377
1.553176641 3.44 1.553176641 -0.455
1.553876877 3.44 1.553876877 -0.566
1.554577231 3.39 1.554577231 -0.652
1.555277705 3.38 1.555277705 -0.707
1.55597806 3.38 1.55597806 -0.691
1.556678295 3.41 1.556678295 -0.86
1.55737865 3.41 1.55737865 -0.871
1.558079123 3.35 1.558079123 -1.07
1.558779359 3.47 1.558779359 -1.05
1.559479713 3.41 1.559479713 -1.14
1.560180068 3.35 1.560180068 -1.35
1.560880542 3.37 1.560880542 -1.31
1.561580777 3.38 1.561580777 -1.32
1.562281132 3.4 1.562281132 -1.46
1.562981486 3.37 1.562981486 -1.53
1.563681841 3.37 1.563681841 -1.75
1.564382195 3.34 1.564382195 -1.74
1.56508255 3.3 1.56508255 -1.8
1.565782785 3.31 1.565782785 -1.91
1.566483259 3.29 1.566483259 -2.15
1.567183614 3.37 1.567183614 -1.92
1.567883968 3.26 1.567883968 -2.19
1.568584204 3.3 1.568584204 -2.09
1.569284678 3.31 1.569284678 -2.32
1.569985032 3.25 1.569985032 -2.39
1.570685387 3.21 1.570685387 -2.4
1.571385622 3.25 1.571385622 -2.61
1.572086096 3.2 1.572086096 -2.67
1.57278645 3.21 1.57278645 -2.73
1.573486686 3.17 1.573486686 -2.87
1.57418704 3.15 1.57418704 -2.9
1.574887514 3.16 1.574887514 -3.04
1.575587869 3.14 1.575587869 -3.14
1.576288104 3.12 1.576288104 -3.04
1.576988459 3.09 1.576988459 -3.3
1.577688932 3.1 1.577688932 -3.34
1.578389168 3.08 1.578389168 -3.43
1.579089522 3.06 1.579089522 -3.51
1.579789877 3.0 1.579789877 -3.66
1.580490351 3.03 1.580490351 -3.69
1.581190586 3.0 1.581190586 -3.88
1.581890941 2.98 1.581890941 -3.92
1.582591295 3.0 1.582591295 -3.92
1.58329165 2.95 1.58329165 -4.01
1.583992004 2.94 1.583992004 -4.01
1.584692359 2.94 1.584692359 -4.11
1.585392714 2.97 1.585392714 -4.43
1.586093068 2.92 1.586093068 -4.85
1.586793423 2.92 1.586793423 -4.39
1.587493777 2.9 1.587493777 -4.65
1.588194013 2.84 1.588194013 -4.55
1.588894486 2.87 1.588894486 -4.6
1.589594841 2.86 1.589594841 -4.86
1.590295196 2.87 1.590295196 -4.77
1.590995431 2.85 1.590995431 -4.83
1.591695905 2.85 1.591695905 -4.83
1.592396259 2.8 1.592396259 -5.01
1.593096495 2.83 1.593096495 -4.81
1.593796849 2.79 1.593796849 -5.17
1.594497323 2.76 1.594497323 -5.35
1.595197678 2.79 1.595197678 -5.55
1.595897913 2.78 1.595897913 -5.31
1.596598268 2.75 1.596598268 -5.32
1.597298741 2.73 1.597298741 -5.74
1.597998977 2.72 1.597998977 -5.67
1.598699331 2.72 1.598699331 -5.7
1.599399686 2.7 1.599399686 -5.85
1.60010016 2.69 1.60010016 -5.92
1.600800395 2.68 1.600800395 -6.0
1.60150075 2.69 1.60150075 -6.1
1.602201104 2.65 1.602201104 -6.06
1.602901459 2.66 1.602901459 -6.16
1.603601813 2.64 1.603601813 -6.23
1.604302168 2.64 1.604302168 -6.23
1.605002522 2.64 1.605002522 -6.31
1.605702877 2.62 1.605702877 -6.38
1.606403232 2.64 1.606403232 -6.48
1.607103586 2.6 1.607103586 -6.51
1.607803822 2.58 1.607803822 -6.5
1.608504295 2.57 1.608504295 -6.67
1.60920465 2.56 1.60920465 -6.71
1.609905005 2.57 1.609905005 -6.76
1.61060524 2.54 1.61060524 -6.71
1.611305714 2.54 1.611305714 -6.82
1.612006068 2.54 1.612006068 -6.78
1.612706304 2.55 1.612706304 -6.75
1.613406658 2.54 1.613406658 -7.18
1.614107132 2.53 1.614107132 -6.73
1.614807487 2.53 1.614807487 -7.13
1.615507722 2.49 1.615507722 -7.67
1.616208076 2.5 1.616208076 -6.88
1.61690855 2.5 1.61690855 -7.01
1.617608786 2.47 1.617608786 -7.47
1.61830914 2.47 1.61830914 -7.02
1.619009495 2.47 1.619009495 -7.17
1.619709969 2.48 1.619709969 -7.24
1.620410204 2.46 1.620410204 -7.19
1.621110559 2.46 1.621110559 -7.26
1.621810913 2.43 1.621810913 -7.22
1.622511387 2.43 1.622511387 -7.57
1.623211622 2.4 1.623211622 -7.16
1.623911977 2.41 1.623911977 -7.2
1.624612331 2.41 1.624612331 -7.25
1.625312567 2.4 1.625312567 -7.22
1.626013041 2.39 1.626013041 -7.31
1.626713395 2.37 1.626713395 -7.15
1.62741363 2.35 1.62741363 -7.2
1.628113985 2.35 1.628113985 -7.24
1.628814459 2.35 1.628814459 -7.1
1.629514813 2.35 1.629514813 -7.04
1.630215049 2.33 1.630215049 -7.28
1.630915403 2.31 1.630915403 -7.11
1.631615877 2.31 1.631615877 -7.12
1.632316113 2.31 1.632316113 -7.04
1.633016467 2.29 1.633016467 -7.15
1.633716822 2.28 1.633716822 -7.15
1.634417295 2.27 1.634417295 -7.16
1.635117531 2.26 1.635117531 -7.27
1.635817885 2.25 1.635817885 -6.72
1.63651824 2.25 1.63651824 -7.19
1.637218714 2.25 1.637218714 -6.91
1.637918949 2.22 1.637918949 -6.77
1.638619304 2.23 1.638619304 -6.66
1.639319658 2.22 1.639319658 -6.79
1.640020013 2.2 1.640020013 -6.74
1.640720367 2.2 1.640720367 -6.8
1.641420722 2.19 1.641420722 -6.29
1.642120957 2.16 1.642120957 -6.73
1.642821431 2.17 1.642821431 -6.77
1.643521786 2.15 1.643521786 -6.04
1.64422214 2.16 1.64422214 -6.13
1.644922376 2.13 1.644922376 -6.16
1.645622849 2.12 1.645622849 -6.3
1.646323204 2.12 1.646323204 -6.21
1.647023439 2.1 1.647023439 -6.23
1.647723794 2.1 1.647723794 -6.31
1.648424268 2.1 1.648424268 -5.97
1.649124622 2.09 1.649124622 -5.92
1.649824858 2.07 1.649824858 -5.9
1.650525212 2.05 1.650525212 -5.81
1.651225686 2.04 1.651225686 -5.79
1.651926041 2.05 1.651926041 -5.65
1.652626276 2.04 1.652626276 -5.66
1.653326631 2.03 1.653326631 -5.7
1.654027104 2.01 1.654027104 -5.49
1.65472734 2.0 1.65472734 -5.5
1.655427694 2.0 1.655427694 -5.41
1.656128049 2.01 1.656128049 -5.37
1.656828523 1.97 1.656828523 -5.39
1.657528758 1.98 1.657528758 -5.27
1.658229113 1.97 1.658229113 -5.23
1.658929467 1.96 1.658929467 -5.14
1.659629822 1.96 1.659629822 -5.09
1.660330176 1.93 1.660330176 -5.05
1.661030531 1.94 1.661030531 -5.12
1.661730766 1.93 1.661730766 -4.98
1.66243124 1.92 1.66243124 -4.9
1.663131595 1.9 1.663131595 -4.63
1.663831949 1.89 1.663831949 -4.8
1.664532185 1.9 1.664532185 -4.68
1.665232658 1.87 1.665232658 -4.75
1.665933013 1.88 1.665933013 -5.0
1.666633368 1.87 1.666633368 -4.49
1.667333603 1.87 1.667333603 -4.59
1.668034077 1.86 1.668034077 -4.57
1.668734431 1.86 1.668734431 -4.5
1.669434667 1.85 1.669434667 -4.45
1.670135021 1.84 1.670135021 -4.47
1.670835495 1.82 1.670835495 -3.13
1.67153585 1.82 1.67153585 -4.16
1.672236085 1.83 1.672236085 -4.35
1.67293644 1.81 1.67293644 -4.26
1.673636913 1.8 1.673636913 -4.25
1.674337149 1.81 1.674337149 -4.28
1.675037503 1.82 1.675037503 -4.13
1.675737858 1.8 1.675737858 -4.14
1.676438332 1.78 1.676438332 -4.13
1.677138567 1.79 1.677138567 -4.09
1.677838922 1.77 1.677838922 -4.07
1.678539276 1.75 1.678539276 -4.07
1.679239631 1.77 1.679239631 -4.01
1.679939985 1.75 1.679939985 -3.99
1.68064034 1.75 1.68064034 -3.98
1.681340694 1.75 1.681340694 -4.0
1.682041049 1.75 1.682041049 -4.03
1.682741404 1.74 1.682741404 -3.86
1.683441758 1.75 1.683441758 -3.76
1.684141994 1.74 1.684141994 -3.87
1.684842467 1.75 1.684842467 -4.01
1.685542822 1.73 1.685542822 -3.78
1.686243176 1.72 1.686243176 -3.64
1.686943412 1.71 1.686943412 -3.81
1.687643886 1.72 1.687643886 -3.76
1.68834424 1.71 1.68834424 -3.86
1.689044476 1.71 1.689044476 -3.88
1.68974483 1.71 1.68974483 -3.69
1.690445304 1.71 1.690445304 -3.6
1.691145658 1.71 1.691145658 -3.46
1.691845894 1.71 1.691845894 -3.64
1.692546248 1.69 1.692546248 -3.5
1.693246722 1.7 1.693246722 -3.72
1.693946958 1.69 1.693946958 -3.49
1.694647312 1.7 1.694647312 -3.6
1.695347667 1.68 1.695347667 -3.54
1.696048141 1.69 1.696048141 -3.6
1.696748376 1.69 1.696748376 -3.75
1.69744873 1.7 1.69744873 -3.6
1.698149085 1.68 1.698149085 -3.75
1.69884944 1.67 1.69884944 -3.69
1.699549794 1.67 1.699549794 -3.53
1.700250149 1.67 1.700250149 -3.6
1.700950503 1.66 1.700950503 -3.54
1.701650858 1.67 1.701650858 -3.56
1.702351213 1.66 1.702351213 -3.51
1.703051567 1.65 1.703051567 -3.56
1.703751802 1.66 1.703751802 -3.5
1.704452157 1.66 1.704452157 -3.53
1.705152631 1.66 1.705152631 -3.51
1.705852985 1.64 1.705852985 -3.52
1.706553221 1.65 1.706553221 -3.45
1.707253575 1.66 1.707253575 -3.48
1.707954049 1.66 1.707954049 -3.47
1.708654284 1.65 1.708654284 -3.46
1.709354639 1.64 1.709354639 -3.59
1.710054994 1.65 1.710054994 -3.66
1.710755467 1.64 1.710755467 -3.56
1.711455703 1.65 1.711455703 -3.48
1.712156057 1.65 1.712156057 -3.5
1.712856412 1.63 1.712856412 -3.46
1.713556767 1.63 1.713556767 -3.53
1.714257121 1.64 1.714257121 -3.29
1.714957476 1.65 1.714957476 -3.6
1.71565783 1.63 1.71565783 -3.46
1.716358185 1.63 1.716358185 -3.48
1.717058539 1.63 1.717058539 -3.46
1.717758894 1.63 1.717758894 -3.47
1.718459129 1.63 1.718459129 -3.44
1.719159603 1.63 1.719159603 -3.46
1.719859958 1.62 1.719859958 -3.32
1.720560312 1.62 1.720560312 -3.8
1.721260548 1.62 1.721260548 -3.36
1.721961021 1.62 1.721961021 -3.37
1.722661376 1.62 1.722661376 -3.48
1.723361611 1.62 1.723361611 -3.4
1.724061966 1.63 1.724061966 -3.44
1.72476244 1.63 1.72476244 -3.44
1.725462794 1.62 1.725462794 -3.37
1.72616303 1.61 1.72616303 -3.46
1.726863384 1.61 1.726863384 -3.47
1.727563858 1.61 1.727563858 -3.49
1.728264093 1.62 1.728264093 -3.45
1.728964448 1.6 1.728964448 -3.48
1.729664803 1.6 1.729664803 -3.46
1.730365276 1.59 1.730365276 -3.36
1.731065512 1.59 1.731065512 -3.43
1.731765866 1.6 1.731765866 -3.93
1.732466221 1.58 1.732466221 -3.45
1.733166695 1.58 1.733166695 -3.49
1.73386693 1.58 1.73386693 -3.61
1.734567285 1.59 1.734567285 -3.31
1.735267639 1.59 1.735267639 -3.43
1.735967994 1.59 1.735967994 -3.16
1.736668348 1.58 1.736668348 -3.32
1.737368703 1.58 1.737368703 -3.5
1.738068938 1.59 1.738068938 -3.5
1.738769412 1.58 1.738769412 -3.42
1.739469767 1.57 1.739469767 -3.49
1.740170121 1.57 1.740170121 -3.61
1.740870357 1.57 1.740870357 -3.66
1.74157083 1.56 1.74157083 -3.53
1.742271185 1.56 1.742271185 -3.66
1.74297142 1.56 1.74297142 -3.12
1.743671775 1.56 1.743671775 -3.15
1.744372249 1.55 1.744372249 -3.53
1.745072603 1.56 1.745072603 -3.31
1.745772839 1.56 1.745772839 -3.2
1.746473193 1.57 1.746473193 -3.59
1.747173667 1.54 1.747173667 -3.47
1.747874022 1.54 1.747874022 -3.43
1.748574257 1.54 1.748574257 -3.52
1.749274611 1.54 1.749274611 -3.24
1.749975085 1.53 1.749975085 -3.56
1.750675321 1.53 1.750675321 -3.49
1.751375675 1.52 1.751375675 -3.51
1.75207603 1.52 1.75207603 -3.57
1.752776504 1.53 1.752776504 -3.49
1.753476739 1.52 1.753476739 -3.52
1.754177094 1.52 1.754177094 -3.57
1.754877448 1.52 1.754877448 -3.49
1.755577803 1.5 1.755577803 -3.53
1.756278157 1.51 1.756278157 -3.51
1.756978512 1.51 1.756978512 -3.49
1.757678747 1.51 1.757678747 -3.57
1.758379221 1.5 1.758379221 -3.64
1.759079576 1.5 1.759079576 -3.38
1.75977993 1.5 1.75977993 -3.59
1.760480165 1.49 1.760480165 -3.7
1.761180639 1.49 1.761180639 -3.64
1.761880994 1.47 1.761880994 -3.52
1.762581348 1.48 1.762581348 -3.68
1.763281584 1.48 1.763281584 -3.68
1.763982058 1.48 1.763982058 -3.64
1.764682412 1.48 1.764682412 -3.76
1.765382648 1.47 1.765382648 -3.54
1.766083002 1.46 1.766083002 -3.61
1.766783476 1.45 1.766783476 -3.59
1.76748383 1.45 1.76748383 -3.67
1.768184066 1.45 1.768184066 -3.67
1.76888442 1.45 1.76888442 -3.5
1.769584894 1.45 1.769584894 -3.72
1.77028513 1.45 1.77028513 -3.67
1.770985484 1.44 1.770985484 -3.59
1.771685839 1.44 1.771685839 -3.65
1.772386312 1.43 1.772386312 -3.63
1.773086548 1.43 1.773086548 -3.69
1.773786902 1.42 1.773786902 -3.64
1.774487257 1.42 1.774487257 -3.68
1.775187612 1.42 1.775187612 -3.7
1.775887966 1.41 1.775887966 -3.75
1.776588321 1.41 1.776588321 -3.7
1.777288675 1.42 1.777288675 -3.78
1.77798903 1.4 1.77798903 -3.69
1.778689384 1.4 1.778689384 -3.58
1.779389739 1.39 1.779389739 -3.68
1.780089974 1.4 1.780089974 -3.69
1.780790448 1.38 1.780790448 -3.75
1.781490803 1.39 1.781490803 -4.05
1.782191157 1.37 1.782191157 -3.94
1.782891393 1.39 1.782891393 -3.68
1.783591747 1.37 1.783591747 -3.98
1.784292221 1.37 1.784292221 -3.71
1.784992456 1.36 1.784992456 -3.86
1.785692811 1.36 1.785692811 -3.68
1.786393166 1.35 1.786393166 -3.67
1.787093639 1.35 1.787093639 -3.84
1.787793875 1.34 1.787793875 -3.8
1.788494229 1.33 1.788494229 -3.86
1.789194584 1.33 1.789194584 -3.83
1.789894938 1.33 1.789894938 -3.91
1.790595293 1.33 1.790595293 -3.72
1.791295648 1.33 1.791295648 -3.85
1.791996002 1.31 1.791996002 -3.84
1.792696357 1.31 1.792696357 -4.13
1.793396711 1.31 1.793396711 -4.03
1.794097066 1.3 1.794097066 -4.2
1.794797301 1.3 1.794797301 -3.74
1.795497775 1.3 1.795497775 -3.98
1.79619813 1.3 1.79619813 -4.02
1.796898484 1.29 1.796898484 -4.0
1.79759872 1.28 1.79759872 -3.63
1.798299193 1.28 1.798299193 -3.89
1.798999548 1.27 1.798999548 -3.77
1.799699783 1.27 1.799699783 -3.86
1.800400138 1.27 1.800400138 -4.06
1.801100612 1.25 1.801100612 -4.01
1.801800966 1.26 1.801800966 -4.04
1.802501202 1.25 1.802501202 -4.04
1.803201556 1.24 1.803201556 -4.02
1.80390203 1.24 1.80390203 -3.96
1.804602265 1.24 1.804602265 -4.05
1.80530262 1.23 1.80530262 -4.04
1.806002975 1.23 1.806002975 -4.06
1.806703448 1.22 1.806703448 -4.07
1.807403684 1.22 1.807403684 -4.02
1.808104038 1.22 1.808104038 -4.11
1.808804393 1.21 1.808804393 -4.32
1.809504747 1.21 1.809504747 -4.02
1.810205102 1.2 1.810205102 -4.06
1.810905457 1.2 1.810905457 -4.18
1.811605811 1.19 1.811605811 -4.31
1.812306166 1.19 1.812306166 -4.26
1.81300652 1.18 1.81300652 -4.12
1.813706875 1.18 1.813706875 -4.06
1.81440711 1.17 1.81440711 -4.0
1.815107584 1.18 1.815107584 -4.14
1.815807939 1.17 1.815807939 -4.13
1.816508293 1.16 1.816508293 -4.15
1.817208529 1.16 1.817208529 -4.18
1.817909002 1.15 1.817909002 -4.1
1.818609357 1.15 1.818609357 -4.14
1.819309592 1.14 1.819309592 -4.2
1.820009947 1.14 1.820009947 -4.23
1.820710421 1.14 1.820710421 -4.22
1.821410775 1.14 1.821410775 -4.18
1.822111011 1.13 1.822111011 -4.2
1.822811365 1.12 1.822811365 -4.21
1.823511839 1.12 1.823511839 -4.19
1.824212074 1.11 1.824212074 -4.21
1.824912429 1.11 1.824912429 -4.27
1.825612783 1.1 1.825612783 -4.25
1.826313257 1.11 1.826313257 -4.23
1.827013493 1.1 1.827013493 -4.22
1.827713847 1.1 1.827713847 -4.29
1.828414202 1.09 1.828414202 -4.22
1.829114676 1.09 1.829114676 -4.18
1.829814911 1.09 1.829814911 -4.3
1.830515265 1.08 1.830515265 -4.29
1.83121562 1.07 1.83121562 -4.18
1.831915975 1.07 1.831915975 -4.33
1.832616329 1.07 1.832616329 -4.12
1.833316684 1.06 1.833316684 -4.16
1.834016919 1.06 1.834016919 -4.17
1.834717393 1.06 1.834717393 -4.24
1.835417747 1.05 1.835417747 -4.4
1.836118102 1.06 1.836118102 -4.33
1.836818337 1.05 1.836818337 -4.23
1.837518811 1.04 1.837518811 -4.26
1.838219166 1.04 1.838219166 -4.33
1.838919401 1.04 1.838919401 -4.15
1.839619756 1.03 1.839619756 -4.35
1.84032023 1.03 1.84032023 -4.22
1.841020584 1.03 1.841020584 -4.48
1.841720819 1.02 1.841720819 -4.22
1.842421174 1.02 1.842421174 -4.12
1.843121648 1.02 1.843121648 -4.44
1.843822002 1.02 1.843822002 -4.16
1.844522238 1.02 1.844522238 -4.42
1.845222592 1.02 1.845222592 -4.16
1.845923066 1.02 1.845923066 -4.4
1.846623302 1.02 1.846623302 -4.32
1.847323656 1.02 1.847323656 -4.49
1.848024011 1.03 1.848024011 -4.26
1.848724484 1.03 1.848724484 -4.05
1.84942472 1.04 1.84942472 -4.34
1.850125074 1.03 1.850125074 -4.31
1.850825429 1.04 1.850825429 -4.27
1.851525784 1.04 1.851525784 -4.28
1.852226138 1.04 1.852226138 -4.21
1.852926493 1.04 1.852926493 -4.24
1.853626728 1.05 1.853626728 -4.27
1.854327202 1.05 1.854327202 -4.27
1.855027556 1.05 1.855027556 -4.27
1.855727911 1.06 1.855727911 -4.28
1.856428146 1.06 1.856428146 -4.23
1.85712862 1.07 1.85712862 -4.33
1.857828975 1.07 1.857828975 -4.26
1.858529329 1.07 1.858529329 -4.46
1.859229565 1.07 1.859229565 -4.3
1.859930038 1.08 1.859930038 -4.28
1.860630393 1.08 1.860630393 -4.25
1.861330628 1.09 1.861330628 -4.07
1.862030983 1.09 1.862030983 -4.4
1.862731338 1.09 1.862731338 -4.27
1.863431811 1.1 1.863431811 -4.21
1.864132047 1.1 1.864132047 -4.31
1.864832401 1.1 1.864832401 -4.26
1.865532756 1.1 1.865532756 -4.23
1.86623311 1.11 1.86623311 -4.29
1.866933465 1.12 1.866933465 -4.24
1.86763382 1.11 1.86763382 -3.96
1.868334055 1.11 1.868334055 -5.84
1.869034529 1.12 1.869034529 -4.25
1.869734883 1.12 1.869734883 -4.28
1.870435238 1.13 1.870435238 -4.28
1.871135473 1.14 1.871135473 -4.18
1.871835947 1.13 1.871835947 -4.18
1.872536302 1.14 1.872536302 -4.27
1.873236656 1.14 1.873236656 -4.38
1.873936892 1.14 1.873936892 -4.33
1.874637365 1.15 1.874637365 -4.3
1.87533772 1.15 1.87533772 -4.34
1.876037955 1.15 1.876037955 -4.38
1.87673831 1.16 1.87673831 -4.25
1.877438784 1.15 1.877438784 -4.1
1.878139138 1.17 1.878139138 -4.38
1.878839374 1.16 1.878839374 -4.29
1.879539728 1.16 1.879539728 -4.59
1.880240202 1.18 1.880240202 -4.29
1.880940437 1.16 1.880940437 -4.19
1.881640792 1.18 1.881640792 -4.47
1.882341146 1.18 1.882341146 -4.4
1.88304162 1.17 1.88304162 -4.14
1.883741856 1.19 1.883741856 -4.2
1.88444221 1.19 1.88444221 -4.34
1.885142565 1.2 1.885142565 -4.54
1.885842919 1.19 1.885842919 -4.48
1.886543274 1.19 1.886543274 -4.4
1.887243629 1.21 1.887243629 -4.33
1.887943983 1.2 1.887943983 -4.49
1.888644338 1.2 1.888644338 -4.38
1.889344692 1.21 1.889344692 -4.31
1.890045047 1.21 1.890045047 -4.42
1.890745282 1.22 1.890745282 -4.25
1.891445756 1.22 1.891445756 -4.43
1.892146111 1.21 1.892146111 -4.4
1.892846465 1.22 1.892846465 -4.39
1.8935467 1.22 1.8935467 -4.74
1.894247174 1.22 1.894247174 -4.45
1.894947529 1.23 1.894947529 -4.59
1.895647764 1.23 1.895647764 -4.53
1.896348119 1.23 1.896348119 -4.43
1.897048593 1.23 1.897048593 -4.58
1.897748947 1.24 1.897748947 -4.64
1.898449183 1.24 1.898449183 -4.57
1.899149537 1.23 1.899149537 -4.74
1.899850011 1.24 1.899850011 -4.59
1.900550246 1.24 1.900550246 -4.58
1.901250601 1.25 1.901250601 -4.69
1.901950955 1.24 1.901950955 -4.64
1.902651429 1.25 1.902651429 -4.67
1.903351665 1.24 1.903351665 -4.66
1.904052019 1.25 1.904052019 -4.7
1.904752374 1.25 1.904752374 -4.66
1.905452728 1.25 1.905452728 -4.72
1.906153083 1.26 1.906153083 -4.73
1.906853437 1.26 1.906853437 -4.81
1.907553792 1.26 1.907553792 -4.9
1.908254147 1.26 1.908254147 -4.64
1.908954501 1.26 1.908954501 -5.04
1.909654856 1.27 1.909654856 -4.74
1.910355091 1.26 1.910355091 -4.81
1.911055565 1.26 1.911055565 -4.68
1.911755919 1.26 1.911755919 -4.86
1.912456274 1.27 1.912456274 -4.8
1.913156509 1.27 1.913156509 -4.96
1.913856983 1.27 1.913856983 -4.83
1.914557338 1.27 1.914557338 -4.89
1.915257573 1.27 1.915257573 -4.94
1.915957928 1.27 1.915957928 -4.75
1.916658401 1.27 1.916658401 -5.33
1.917358756 1.28 1.917358756 -4.87
1.918058991 1.28 1.918058991 -4.95
1.918759346 1.28 1.918759346 -4.95
1.91945982 1.28 1.91945982 -5.03
1.920160055 1.29 1.920160055 -5.18
1.92086041 1.28 1.92086041 -4.99
1.921560764 1.29 1.921560764 -5.02
1.922261238 1.28 1.922261238 -5.03
1.922961473 1.28 1.922961473 -5.03
1.923661828 1.29 1.923661828 -5.01
1.924362183 1.28 1.924362183 -5.09
1.925062656 1.28 1.925062656 -5.07
1.925762892 1.28 1.925762892 -5.05
1.926463246 1.28 1.926463246 -5.14
1.927163601 1.28 1.927163601 -5.53
1.927863955 1.29 1.927863955 -5.12
1.92856431 1.28 1.92856431 -5.07
1.929264665 1.29 1.929264665 -5.33
1.9299649 1.3 1.9299649 -5.0
1.930665374 1.29 1.930665374 -5.13
1.931365728 1.29 1.931365728 -5.2
1.932066083 1.29 1.932066083 -5.03
1.932766318 1.3 1.932766318 -5.22
1.933466792 1.28 1.933466792 -5.38
1.934167147 1.29 1.934167147 -5.25
1.934867382 1.28 1.934867382 -5.44
1.935567737 1.29 1.935567737 -5.38
1.93626821 1.29 1.93626821 -5.26
1.936968565 1.29 1.936968565 -5.11
1.9376688 1.29 1.9376688 -5.34
1.938369155 1.29 1.938369155 -5.3
1.939069629 1.29 1.939069629 -5.39
1.939769983 1.3 1.939769983 -5.4
1.940470219 1.29 1.940470219 -5.02
1.941170573 1.29 1.941170573 -5.36
1.941870928 1.29 1.941870928 -5.15
1.942571282 1.29 1.942571282 -5.43
1.943271637 1.3 1.943271637 -5.26
1.943971992 1.28 1.943971992 -5.3
1.944672227 1.28 1.944672227 -5.32
1.945372701 1.29 1.945372701 -4.99
1.946073055 1.28 1.946073055 -5.38
1.94677341 1.29 1.94677341 -5.43
1.947473645 1.29 1.947473645 -5.25
1.948174119 1.28 1.948174119 -5.29
1.948874474 1.28 1.948874474 -5.4
1.949574709 1.29 1.949574709 -5.36
1.950275064 1.28 1.950275064 -5.45
1.950975537 1.28 1.950975537 -5.44
1.951675892 1.28 1.951675892 -5.39
1.952376127 1.28 1.952376127 -5.45
1.953076482 1.28 1.953076482 -5.39
1.953776956 1.27 1.953776956 -5.43
1.95447731 1.27 1.95447731 -5.39
1.955177546 1.28 1.955177546 -5.45
1.9558779 1.28 1.9558779 -5.44
1.956578374 1.27 1.956578374 -5.48
1.957278609 1.27 1.957278609 -5.75
1.957978964 1.27 1.957978964 -5.31
1.958679318 1.27 1.958679318 -5.39
1.959379792 1.27 1.959379792 -5.21
1.960080028 1.27 1.960080028 -5.26
1.960780382 1.27 1.960780382 -5.51
1.961480737 1.27 1.961480737 -5.35
1.962181091 1.26 1.962181091 -5.34
1.962881446 1.26 1.962881446 -5.4
1.9635818 1.26 1.9635818 -5.48
1.964282036 1.26 1.964282036 -5.52
1.96498251 1.26 1.96498251 -5.47
1.965682864 1.26 1.965682864 -5.15
1.966383219 1.25 1.966383219 -5.63
1.967083454 1.25 1.967083454 -5.42
1.967783928 1.26 1.967783928 -5.37
1.968484282 1.25 1.968484282 -5.45
1.969184637 1.24 1.969184637 -5.36
1.969884872 1.25 1.969884872 -5.39
1.970585346 1.25 1.970585346 -5.38
1.971285701 1.24 1.971285701 -5.38
1.971985936 1.24 1.971985936 -5.37
1.972686291 1.24 1.972686291 -5.43
1.973386765 1.24 1.973386765 -5.38
1.974087119 1.24 1.974087119 -5.35
1.974787354 1.23 1.974787354 -5.39
1.975487709 1.24 1.975487709 -5.33
1.976188183 1.23 1.976188183 -5.21
1.976888418 1.23 1.976888418 -5.32
1.977588773 1.23 1.977588773 -5.37
1.978289127 1.23 1.978289127 -5.11
1.978989601 1.22 1.978989601 -5.37
1.979689837 1.22 1.979689837 -5.34
1.980390191 1.22 1.980390191 -5.25
1.981090546 1.22 1.981090546 -5.5
1.9817909 1.22 1.9817909 -5.27
1.982491255 1.21 1.982491255 -5.29
1.983191609 1.22 1.983191609 -5.34
1.983891964 1.21 1.983891964 -5.41
1.984592319 1.21 1.984592319 -5.37
1.985292673 1.21 1.985292673 -5.25
1.985993028 1.2 1.985993028 -5.54
1.986693263 1.21 1.986693263 -5.45
1.987393737 1.2 1.987393737 -5.37
1.988094091 1.21 1.988094091 -5.25
1.988794446 1.2 1.988794446 -5.38
1.989494681 1.2 1.989494681 -5.11
1.990195155 1.2 1.990195155 -5.32
1.99089551 1.2 1.99089551 -5.3
1.991595745 1.19 1.991595745 -5.34
1.9922961 1.2 1.9922961 -5.54
1.992996573 1.19 1.992996573 -5.39
1.993696928 1.19 1.993696928 -5.42
1.994397163 1.19 1.994397163 -5.39
1.995097518 1.18 1.995097518 -5.39
1.995797992 1.18 1.995797992 -5.31
1.996498227 1.18 1.996498227 -5.4
1.997198582 1.18 1.997198582 -5.42
1.997898936 1.18 1.997898936 -5.13
1.99859941 1.18 1.99859941 -5.16
1.999299645 1.18 1.999299645 -5.39
2.0 1.17 2.0 -5.33
