0 49.2979516742
1 49.2979516742
2 49.2979516742
3 49.2979516742
4 49.2979516742
5 49.2979516742
6 49.2979516742
7 49.2979516742
8 49.2979516742
9 49.2979516742
10 49.2979516742
11 49.2979516742
12 49.2979516742
13 49.2979516742
14 49.2979516742
15 49.2979516742
16 49.2979516742
17 49.2979516742
18 49.2979516742
19 49.2979516742
20 49.2979516742
21 49.2979516742
22 49.2979516742
23 49.2979516742
24 49.2979516742
25 49.2979516742
26 49.2979516742
27 49.2979516742
28 49.2979516742
29 49.2979516742
30 49.2979516742
31 49.2979516742
32 49.2979516742
33 49.2979516742
34 49.2979516742
35 49.2979516742
36 49.2979516742
37 49.2979516742
38 49.2979516742
39 49.2979516742
40 49.2979516742
41 49.2979516742
42 49.2979516742
43 49.2979516742
44 49.2979516742
45 49.2979516742
46 49.2979516742
47 49.2979516742
48 49.2979516742
49 49.2979516742
50 49.2979516742
51 49.2979516742
52 49.2979516742
53 49.2979516742
54 49.2979516742
55 49.2979516742
56 49.2979516742
57 49.2979516742
58 49.2979516742
59 49.2979516742
60 49.2979516742
61 49.2979516742
62 49.2979516742
63 49.2979516742
64 49.2979516742
65 49.2979516742
66 49.2979516742
67 49.2979516742
68 49.2979516742
69 49.2979516742
70 49.2979516742
71 49.2979516742
72 49.2979516742
73 49.2979516742
74 49.2979516742
75 49.2979516742
76 49.2979516742
77 49.2979516742
78 49.2979516742
79 49.2979516742
80 49.2979516742
81 49.2979516742
82 49.2979516742
83 49.2979516742
84 49.2979516742
85 49.2979516742
86 49.2979516742
87 49.2979516742
88 49.2979516742
89 49.2979516742
90 49.2979516742
91 49.2979516742
92 49.2979516742
93 49.2979516742
94 49.2979516742
95 49.2979516742
96 49.2979516742
97 49.2979516742
98 49.2979516742
99 49.2979516742
100 49.2979516742
101 49.2979516742
102 49.2979516742
103 49.2979516742
104 49.2979516742
105 49.2979516742
106 49.2979516742
107 49.2979516742
108 49.2979516742
109 49.2979516742
110 49.2979516742
111 49.2979516742
112 49.2979516742
113 49.2979516742
114 49.2979516742
115 49.2979516742
116 49.2979516742
117 49.2979516742
118 49.2979516742
119 49.2979516742
120 49.2979516742
121 49.2979516742
122 49.2979516742
123 49.2979516742
124 49.2979516742
125 49.2979516742
126 49.2979516742
127 49.2979516742
128 49.2979516742
129 49.2979516742
130 49.2979516742
131 49.2979516742
132 49.2979516742
133 49.2979516742
134 49.2979516742
135 49.2979516742
136 49.2979516742
137 49.2979516742
138 49.2979516742
139 49.2979516742
140 49.2979516742
141 49.2979516742
142 49.2979516742
143 49.2979516742
144 49.2979516742
145 49.2979516742
146 49.2979516742
147 49.2979516742
148 49.2979516742
149 49.2979516742
150 49.2979516742
151 49.2979516742
152 49.2979516742
153 49.2979516742
154 49.2979516742
155 49.2979516742
156 49.2979516742
157 49.2979516742
158 49.2979516742
159 49.2979516742
160 49.2979516742
161 49.2979516742
162 49.2979516742
163 49.2979516742
164 49.2979516742
165 49.2979516742
166 49.2979516742
167 49.2979516742
168 49.2979516742
169 49.2979516742
170 49.2979516742
171 49.2979516742
172 49.2979516742
173 49.2979516742
174 49.2979516742
175 49.2979516742
176 49.2979516742
177 49.2979516742
178 49.2979516742
179 49.2979516742
180 49.2979516742
181 49.2979516742
182 49.2979516742
183 49.2979516742
184 49.2979516742
185 49.2979516742
186 49.2979516742
187 49.2979516742
188 49.2979516742
189 49.2979516742
190 49.2979516742
191 49.2979516742
192 49.2979516742
193 49.2979516742
194 49.2979516742
195 49.2979516742
196 49.2979516742
197 49.2979516742
198 49.2979516742
199 49.2979516742
200 49.2979516742
201 49.2979516742
202 49.2979516742
203 49.2979516742
204 49.2979516742
205 49.2979516742
206 49.2979516742
207 49.2979516742
208 49.2979516742
209 49.2979516742
210 49.2979516742
211 49.2979516742
212 49.2979516742
213 49.2979516742
214 49.2979516742
215 49.2979516742
216 49.2979516742
217 49.2979516742
218 49.2979516742
219 49.2979516742
220 49.2979516742
221 49.2979516742
222 49.2979516742
223 49.2979516742
224 49.2979516742
225 49.2979516742
226 49.2979516742
227 49.2979516742
228 49.2979516742
229 49.2979516742
230 49.2979516742
231 49.2979516742
232 49.2979516742
233 49.2979516742
234 49.2979516742
235 49.2979516742
236 49.2979516742
237 49.2979516742
238 49.2979516742
239 49.2979516742
240 49.2979516742
241 49.2979516742
242 49.2979516742
243 49.2979516742
244 49.2979516742
245 49.2979516742
246 49.2979516742
247 49.2979516742
248 49.2979516742
249 49.2979516742
250 49.2979516742
251 49.2979516742
252 49.2979516742
253 49.2979516742
254 49.2979516742
255 49.2979516742
256 49.2979516742
257 49.2979516742
258 49.2979516742
259 49.2979516742
260 49.2979516742
261 49.2979516742
262 49.2979516742
263 49.2979516742
264 49.2979516742
265 49.2979516742
266 49.2979516742
267 49.2979516742
268 49.2979516742
269 49.2979516742
270 49.2979516742
271 49.2979516742
272 49.2979516742
273 49.2979516742
274 49.2979516742
275 49.2979516742
276 49.2979516742
277 49.2979516742
278 49.2979516742
279 49.2979516742
280 49.2979516742
281 49.2979516742
282 49.2979516742
283 49.2979516742
284 49.2979516742
285 49.2979516742
286 49.2979516742
287 49.2979516742
288 49.2979516742
289 49.2979516742
290 49.2979516742
291 49.2979516742
292 49.2979516742
293 49.2979516742
294 49.2979516742
295 49.2979516742
296 49.2979516742
297 49.2979516742
298 49.2979516742
299 49.2979516742
300 49.2979516742
301 49.2979516742
302 49.2979516742
303 49.2979516742
304 49.2979516742
305 49.2979516742
306 49.2979516742
307 49.2979516742
308 49.2979516742
309 49.2979516742
310 49.2979516742
311 49.2979516742
312 49.2979516742
313 49.2979516742
314 49.2979516742
315 49.2979516742
316 49.2979516742
317 49.2979516742
318 49.2979516742
319 49.2979516742
320 49.2979516742
321 49.2979516742
322 49.2979516742
323 49.2979516742
324 49.2979516742
325 49.2979516742
326 49.2979516742
327 49.2979516742
328 49.2979516742
329 49.2979516742
330 49.2979516742
331 49.2979516742
332 49.2979516742
333 49.2979516742
334 49.2979516742
335 49.2979516742
336 49.2979516742
337 49.2979516742
338 49.2979516742
339 49.2979516742
340 49.2979516742
341 49.2979516742
342 49.2979516742
343 49.2979516742
344 49.2979516742
345 49.2979516742
346 49.2979516742
347 49.2979516742
348 49.2979516742
349 49.2979516742
350 49.2979516742
351 49.2979516742
352 49.2979516742
353 49.2979516742
354 49.2979516742
355 49.2979516742
356 49.2979516742
357 49.2979516742
358 49.2979516742
359 49.2979516742
360 49.2979516742
361 49.2979516742
362 49.2979516742
363 49.2979516742
364 49.2979516742
365 49.2979516742
366 49.2979516742
367 49.2979516742
368 49.2979516742
369 49.2979516742
370 49.2979516742
371 49.2979516742
372 49.2979516742
373 49.2979516742
374 49.2979516742
375 49.2979516742
376 49.2979516742
377 49.2979516742
378 49.2979516742
379 49.2979516742
380 49.2979516742
381 49.2979516742
382 49.2979516742
383 49.2979516742
384 49.2979516742
385 49.2979516742
386 49.2979516742
387 49.2979516742
388 49.2979516742
389 49.2979516742
390 49.2979516742
391 49.2979516742
392 49.2979516742
393 49.2979516742
394 49.2979516742
395 49.2979516742
396 49.2979516742
397 49.2979516742
398 49.2979516742
399 49.2979516742
400 49.2979516742
401 49.2979516742
402 49.2979516742
403 49.2979516742
404 49.2979516742
405 49.2979516742
406 49.2979516742
407 49.2979516742
408 49.2979516742
409 49.2979516742
410 49.2979516742
411 49.2979516742
412 49.2979516742
413 49.2979516742
414 49.2979516742
415 49.2979516742
416 49.2979516742
417 49.2979516742
418 49.2979516742
419 49.2979516742
420 49.2979516742
421 49.2979516742
422 49.2979516742
423 49.2979516742
424 49.2979516742
425 49.2979516742
426 49.2979516742
427 49.2979516742
428 49.2979516742
429 49.2979516742
430 49.2979516742
431 49.2979516742
432 49.2979516742
433 49.2979516742
434 49.2979516742
435 49.2979516742
436 49.2979516742
437 49.2979516742
438 49.2979516742
439 49.2979516742
440 49.2979516742
441 49.2979516742
442 49.2979516742
443 49.2979516742
444 49.2979516742
445 49.2979516742
446 49.2979516742
447 49.2979516742
448 49.2979516742
449 49.2979516742
450 49.2979516742
451 49.2979516742
452 49.2979516742
453 49.2979516742
454 49.2979516742
455 49.2979516742
456 49.2979516742
457 49.2979516742
458 49.2979516742
459 49.2979516742
460 49.2979516742
461 49.2979516742
462 49.2979516742
463 49.2979516742
464 49.2979516742
465 49.2979516742
466 49.2979516742
467 49.2979516742
468 49.2979516742
469 49.2979516742
470 49.2979516742
471 49.2979516742
472 49.2979516742
473 49.2979516742
474 49.2979516742
475 49.2979516742
476 49.2979516742
477 49.2979516742
478 49.2979516742
479 49.2979516742
480 49.2979516742
481 49.2979516742
482 49.2979516742
483 49.2979516742
484 49.2979516742
485 49.2979516742
486 49.2979516742
487 49.2979516742
488 49.2979516742
489 49.2979516742
490 49.2979516742
491 49.2979516742
492 49.2979516742
493 49.2979516742
494 49.2979516742
495 49.2979516742
496 49.2979516742
497 49.2979516742
498 49.2979516742
499 49.1015766142
500 49.108881288
501 49.1161859618
502 49.1234906356
503 49.1307953093
504 49.1380999831
505 49.1454046569
506 49.1527093307
507 49.1600140045
508 49.1711079921
509 49.184703019
510 49.1982980459
511 49.2118930728
512 49.2276050654
513 49.246960582
514 49.2663160985
515 49.2856716151
516 49.3050271317
517 49.3243826483
518 49.3437381649
519 49.3630936815
520 49.3824491981
521 49.4018047146
522 49.4211602312
523 49.4405157478
524 49.4598712644
525 49.479226781
526 49.4985822976
527 49.5179378141
528 49.5372933307
529 49.5566488473
530 49.5760043639
531 49.5953598805
532 49.6147153971
533 49.6340709136
534 49.6534264302
535 49.6727819468
536 49.6921374634
537 49.71149298
538 49.7308484966
539 49.7502040131
540 49.7695595297
541 49.7888787494
542 49.8066560885
543 49.8244334276
544 49.8422107667
545 49.8599881058
546 49.8777654449
547 49.895542784
548 49.9133201231
549 49.9310974622
550 49.9488507698
551 49.9640409387
552 49.9768146502
553 49.9889554616
554 50.0010962731
555 50.0132370845
556 50.0253778959
557 50.0375187073
558 50.0496595187
559 50.0618003302
560 50.0739411416
561 50.086081953
562 50.0982227644
563 50.1103635758
564 50.1225043873
565 50.1346451987
566 50.1467860101
567 50.1589268215
568 50.1710676329
569 50.1832084444
570 50.1953492558
571 50.2070450947
572 50.2185684326
573 50.2300917705
574 50.2416151084
575 50.2531384463
576 50.2646617843
577 50.2761851222
578 50.2877084601
579 50.299231798
580 50.310755136
581 50.3222784739
582 50.3338018118
583 50.3453251497
584 50.3568484876
585 50.3683718256
586 50.3798951635
587 50.3914185014
588 50.4026399023
589 50.4132179865
590 50.4232204082
591 50.4332228299
592 50.4432252516
593 50.4532276733
594 50.463230095
595 50.4732325167
596 50.4832349384
597 50.4932373601
598 50.5032397818
599 50.5132422035
600 50.5230283536
601 50.5325332803
602 50.542038207
603 50.5515431337
604 50.5610480603
605 50.570552987
606 50.5800579137
607 50.5895628404
608 50.5990677671
609 50.6085726938
610 50.6180776205
611 50.6275825472
612 50.6370874739
613 50.6465924006
614 50.6560973273
615 50.665602254
616 50.6751071807
617 50.6846121074
618 50.6941170341
619 50.7036219608
620 50.7131268875
621 50.7226318142
622 50.7321367409
623 50.7416416676
624 50.7511465943
625 50.760651521
626 50.7695179754
627 50.777160882
628 50.7846897076
629 50.7920080918
630 50.7982382978
631 50.8044685039
632 50.81069871
633 50.8169289161
634 50.8231591221
635 50.8293893282
636 50.8356195343
637 50.8418497404
638 50.8480799464
639 50.8543101525
640 50.8605403586
641 50.8667705647
642 50.8730007707
643 50.8792309768
644 50.8854611829
645 50.891691389
646 50.897921595
647 50.9041518011
648 50.9103820072
649 50.9166122132
650 50.9228424193
651 50.9290726254
652 50.9353028315
653 50.9415330375
654 50.9477632436
655 50.9539934497
656 50.9602236558
657 50.9664538618
658 50.9726840679
659 50.9783133216
660 50.9838930677
661 50.9894728138
662 50.9950525599
663 50.9999234563
664 51.0033633549
665 51.0062830884
666 51.0092028219
667 51.0121225554
668 51.0150422888
669 51.0179620223
670 51.0208817558
671 51.0238014892
672 51.0267212227
673 51.0296409562
674 51.0325606896
675 51.0354804231
676 51.0384001566
677 51.04131989
678 51.0442396235
679 51.047159357
680 51.0500790904
681 51.0529988239
682 51.0559185574
683 51.0588382908
684 51.0617580243
685 51.0646777578
686 51.0675974913
687 51.0705172247
688 51.0735965291
689 51.0767432545
690 51.0798899798
691 51.0830367052
692 51.0861834305
693 51.0893301559
694 51.0924768812
695 51.0956236066
696 51.0987703319
697 51.1019170573
698 51.1050637826
699 51.108210508
700 51.111323677
701 51.1141153475
702 51.1165828086
703 51.1190502696
704 51.1215177307
705 51.1239851918
706 51.1264526529
707 51.1289201139
708 51.131387575
709 51.1338550361
710 51.1363224971
711 51.1387899582
712 51.1412574193
713 51.1437248803
714 51.1461923414
715 51.1486598025
716 51.1511272635
717 51.1529384727
718 51.154027411
719 51.1551163493
720 51.1562052875
721 51.1572942258
722 51.1583831641
723 51.1594721024
724 51.1605610407
725 51.161649979
726 51.1627389173
727 51.1638278556
728 51.1649167939
729 51.1660057322
730 51.1670946705
731 51.1681836088
732 51.169272547
733 51.1703614853
734 51.1714504236
735 51.1725393619
736 51.1736283002
737 51.1747172385
738 51.175077809
739 51.1750342291
740 51.1749906492
741 51.1749470694
742 51.1749034895
743 51.1748599097
744 51.1748163298
745 51.1747727499
746 51.1747941444
747 51.1749780309
748 51.1751619174
749 51.1753458039
750 51.1755296905
751 51.175713577
752 51.1758974635
753 51.17608135
754 51.1762652365
755 51.176449123
756 51.1766330096
757 51.1768168961
758 51.1770007826
759 51.1771846691
760 51.1773685556
761 51.1775524421
762 51.1777363287
763 51.1779202152
764 51.1781041017
765 51.1782879882
766 51.1784718747
767 51.1786557612
768 51.1788396478
769 51.1790235343
770 51.1792074208
771 51.1793913073
772 51.1795751938
773 51.1797590803
774 51.1799429669
775 51.1796613854
776 51.1787967713
777 51.177942429
778 51.1770880868
779 51.1762337445
780 51.1753794022
781 51.17452506
782 51.1736707177
783 51.1728163755
784 51.1719620332
785 51.1711076909
786 51.1702533487
787 51.1693990064
788 51.1685446642
789 51.1676903219
790 51.1668359796
791 51.1659816374
792 51.1651272951
793 51.1642729529
794 51.1634186106
795 51.1625642684
796 51.1617099261
797 51.1608555838
798 51.1600012416
799 51.1591468993
800 51.1582925571
801 51.1574382148
802 51.1565838725
803 51.1557295303
804 51.154875188
805 51.155084121
806 51.1553973916
807 51.1548941394
808 51.1522338682
809 51.1500004851
810 51.1479865915
811 51.145972698
812 51.1443471984
813 51.1430915972
814 51.1418036498
815 51.1405157024
816 51.139227755
817 51.1379398076
818 51.1366518602
819 51.1353639128
820 51.1340759655
821 51.1327880181
822 51.1315000707
823 51.1305287305
824 51.1325151218
825 51.1344506991
826 51.1357472299
827 51.1370437608
828 51.1383402916
829 51.1396368224
830 51.1409333532
831 51.1422298841
832 51.1435264149
833 51.1448229457
834 51.1453593182
835 51.1455717191
836 51.1457841199
837 51.1459965208
838 51.1462089216
839 51.1464213225
840 51.1459198214
841 51.1455132417
842 51.1460701921
843 51.1466271425
844 51.1471840929
845 51.1477410434
846 51.1482979938
847 51.1488549442
848 51.1494118947
849 51.1499258155
850 51.1501263506
851 51.1502296166
852 51.1503328826
853 51.1504361486
854 51.1505394147
855 51.1506426807
856 51.1510575207
857 51.151691695
858 51.1523968539
859 51.1531020128
860 51.1538071717
861 51.1545123306
862 51.1552174895
863 51.1559937237
864 51.1568354638
865 51.1576772039
866 51.1585189439
867 51.159360684
868 51.1602024241
869 51.1610441642
870 51.1618859043
871 51.1627276443
872 51.1635687921
873 51.1652135744
874 51.1666728041
875 51.1680901066
876 51.1695074091
877 51.1709247115
878 51.172342014
879 51.1737593164
880 51.1751766189
881 51.1765939214
882 51.1780112238
883 51.1794285263
884 51.1808458287
885 51.1822631312
886 51.1836804337
887 51.1855448706
888 51.1874059878
889 51.1887033085
890 51.1892190148
891 51.1893626154
892 51.1897354998
893 51.1905614996
894 51.1913874993
895 51.1922134991
896 51.1930394989
897 51.1938654986
898 51.1946914984
899 51.1955174981
900 51.1963434979
901 51.1971694976
902 51.1979954974
903 51.1988214971
904 51.1996449242
905 51.200270122
906 51.2012425687
907 51.2027275216
908 51.2042124745
909 51.2056974274
910 51.2071823803
911 51.2086673332
912 51.2101522861
913 51.211637239
914 51.2131221919
915 51.2146071448
916 51.2160920976
917 51.2175770505
918 51.2190620034
919 51.2205469563
920 51.2220319092
921 51.2232241595
922 51.2240120675
923 51.225339555
924 51.2262885586
925 51.2270201597
926 51.2277517609
927 51.228483362
928 51.2292149631
929 51.2299465642
930 51.2306781654
931 51.2314097665
932 51.2321413676
933 51.2328729687
934 51.2336045699
935 51.234336171
936 51.2350677721
937 51.2356285552
938 51.2361014085
939 51.235615336
940 51.2351047297
941 51.2345941234
942 51.2340835172
943 51.2335729109
944 51.2330623046
945 51.2325516983
946 51.232041092
947 51.2315304857
948 51.2310198795
949 51.2305092732
950 51.2299986669
951 51.2296382412
952 51.2292874297
953 51.228822057
954 51.2286587174
955 51.2291221178
956 51.2293158146
957 51.2295095114
958 51.2297032082
959 51.229896905
960 51.2299903405
961 51.2300277009
962 51.230559558
963 51.2310914151
964 51.2316232722
965 51.2321551293
966 51.2326869864
967 51.2332188435
968 51.2337507006
969 51.2342880241
970 51.2375160489
971 51.2407846078
972 51.2440762791
973 51.2473679504
974 51.2506596217
975 51.253951293
976 51.2572429644
977 51.2605346357
978 51.263826307
979 51.2671179783
980 51.2701309741
981 51.273047017
982 51.2759630599
983 51.2788791029
984 51.2817951458
985 51.2843922537
986 51.2869126854
987 51.289433023
988 51.2922034715
989 51.2949739199
990 51.2977443683
991 51.3005148167
992 51.3032852651
993 51.3060557135
994 51.3088261619
995 51.3115966103
996 51.3143670587
997 51.3171375071
998 51.3199708864
999 51.323177999
1000 51.3264043978
1001 51.3297266983
1002 51.3314971629
1003 51.3313437683
1004 51.3311903737
1005 51.3310369791
1006 51.3308835846
1007 51.33073019
1008 51.3305767954
1009 51.3306501846
1010 51.3309062295
1011 51.3311622744
1012 51.3314183193
1013 51.3316743643
1014 51.3319304092
1015 51.3321864541
1016 51.332442499
1017 51.3336259871
1018 51.3351462907
1019 51.3364647335
1020 51.3382636543
1021 51.340183115
1022 51.3421025758
1023 51.3440220366
1024 51.3459414974
1025 51.3478609582
1026 51.3497804189
1027 51.3516998797
1028 51.3536193405
1029 51.3555388013
1030 51.3574582621
1031 51.3593777228
1032 51.3612971836
1033 51.3629461742
1034 51.3642959713
1035 51.3668460479
1036 51.3688463378
1037 51.3702387665
1038 51.3715019811
1039 51.3725304786
1040 51.3735589761
1041 51.3745874736
1042 51.3756159711
1043 51.3766444686
1044 51.3776729661
1045 51.3787014636
1046 51.3797299611
1047 51.3807584586
1048 51.3817869561
1049 51.3828287317
1050 51.3839432993
1051 51.3844936435
1052 51.3855100821
1053 51.3876824284
1054 51.3898547748
1055 51.3920271211
1056 51.3941994674
1057 51.3963718138
1058 51.3985441601
1059 51.4007165064
1060 51.4028888528
1061 51.4050611991
1062 51.4072335454
1063 51.4094058918
1064 51.4115782381
1065 51.4137505844
1066 51.4152925496
1067 51.4168088157
1068 51.4186203347
1069 51.4194882883
1070 51.4203562419
1071 51.4212241955
1072 51.4220921491
1073 51.4232541928
1074 51.4247116745
1075 51.4261691562
1076 51.4276266379
1077 51.4290841196
1078 51.4305416013
1079 51.4319990829
1080 51.4334565646
1081 51.4349140463
1082 51.4364884202
1083 51.4380875498
1084 51.4396312123
1085 51.4415385815
1086 51.4435115425
1087 51.4454845036
1088 51.4474574646
1089 51.4494304257
1090 51.4514033868
1091 51.4533763478
1092 51.4553493089
1093 51.45732227
1094 51.459295231
1095 51.4612681921
1096 51.4632411532
1097 51.4646100058
1098 51.4659939371
1099 51.4673617562
1100 51.4682776404
1101 51.4690369564
1102 51.4696952776
1103 51.4703535988
1104 51.47101192
1105 51.4716702412
1106 51.4723285624
1107 51.4729868837
1108 51.4736452049
1109 51.4743035261
1110 51.4745117654
1111 51.473764462
1112 51.4730171586
1113 51.4722698552
1114 51.4714873585
1115 51.47056788
1116 51.4705617336
1117 51.4704431085
1118 51.469999904
1119 51.4695566995
1120 51.4691134951
1121 51.4686702906
1122 51.4682270861
1123 51.4677838817
1124 51.4673406772
1125 51.4668974727
1126 51.4671109305
1127 51.4675122649
1128 51.4679135993
1129 51.4683149336
1130 51.468716268
1131 51.4690897738
1132 51.4712694519
1133 51.474557755
1134 51.4789950054
1135 51.4834322559
1136 51.4878695063
1137 51.4923067568
1138 51.4967440073
1139 51.5011812577
1140 51.5056185082
1141 51.5100557587
1142 51.5144930091
1143 51.5189302596
1144 51.52336751
1145 51.5278047605
1146 51.532242011
1147 51.5367710495
1148 51.5390202211
1149 51.5383396892
1150 51.5358994825
1151 51.5332477832
1152 51.5305960839
1153 51.5279443845
1154 51.5252926852
1155 51.5215693754
1156 51.5170354489
1157 51.5125015224
1158 51.5079675959
1159 51.5034336694
1160 51.498899743
1161 51.4943658165
1162 51.48983189
1163 51.4852384817
1164 51.4812881943
1165 51.479077225
1166 51.4770057502
1167 51.4751806181
1168 51.4733554859
1169 51.4715303537
1170 51.4697052216
1171 51.4678800894
1172 51.4660549572
1173 51.4642298251
1174 51.4624046929
1175 51.4605795607
1176 51.4587544286
1177 51.4569292964
1178 51.4551041642
1179 51.4533010982
1180 51.4515025633
1181 51.4485067332
1182 51.445634034
1183 51.4429090954
1184 51.4407593757
1185 51.4392404514
1186 51.4376982307
1187 51.4361560101
1188 51.4346137894
1189 51.4330715687
1190 51.4315293481
1191 51.4299871274
1192 51.4284449067
1193 51.4269026861
1194 51.4253604654
1195 51.4238149846
1196 51.4221005889
1197 51.4218994464
1198 51.4219051638
1199 51.421284462
1200 51.4206637602
1201 51.4200430584
1202 51.4194223566
1203 51.4188016548
1204 51.418180953
1205 51.4175602512
1206 51.4169395494
1207 51.4163188476
1208 51.4156981458
1209 51.415077444
1210 51.4144567422
1211 51.4138360404
1212 51.4132826722
1213 51.4123730615
1214 51.410988429
1215 51.4093569653
1216 51.4077145439
1217 51.4060721225
1218 51.4044297011
1219 51.4027872797
1220 51.4011448583
1221 51.399502437
1222 51.398259293
1223 51.3971499914
1224 51.3962336765
1225 51.3955122352
1226 51.3947907938
1227 51.3940693524
1228 51.393347911
1229 51.3924755632
1230 51.3914090863
1231 51.3909045916
1232 51.390611336
1233 51.3903180804
1234 51.3900248248
1235 51.3897315692
1236 51.3894383137
1237 51.3891450581
1238 51.3888518025
1239 51.3885585469
1240 51.3882652913
1241 51.3879720358
1242 51.3876928401
1243 51.3878629714
1244 51.3876883804
1245 51.386671639
1246 51.3851196089
1247 51.3836520102
1248 51.3822717479
1249 51.3808914855
1250 51.3795112231
1251 51.3781309607
1252 51.3767506983
1253 51.375370436
1254 51.3739901736
1255 51.3726099112
1256 51.3712296488
1257 51.3698493865
1258 51.3684691241
1259 51.366124908
1260 51.3626545964
1261 51.358862142
1262 51.3535415944
1263 51.3479643171
1264 51.3423230813
1265 51.3366818455
1266 51.3310406096
1267 51.3253993738
1268 51.3197581379
1269 51.3141169021
1270 51.3084756662
1271 51.3028344304
1272 51.2966327617
1273 51.290318711
1274 51.2840046603
1275 51.2776906097
1276 51.271376559
1277 51.2656431599
1278 51.2603069329
1279 51.2551993028
1280 51.2500916727
1281 51.2449840426
1282 51.2398764125
1283 51.2347687824
1284 51.2296611523
1285 51.2245535222
1286 51.2194458921
1287 51.214338262
1288 51.2092306319
1289 51.2041230018
1290 51.1990153717
1291 51.1939077416
1292 51.1888001115
1293 51.1839020033
1294 51.1792252336
1295 51.1743340422
1296 51.1685876269
1297 51.163190934
1298 51.1577942411
1299 51.1523975483
1300 51.1470008554
1301 51.1418123741
1302 51.1367343443
1303 51.1316563145
1304 51.1265782848
1305 51.121500255
1306 51.1164222253
1307 51.1113441955
1308 51.1062661658
1309 51.1014127402
1310 51.0973602552
1311 51.0949510433
1312 51.0930202182
1313 51.0914704911
1314 51.0899207639
1315 51.0883710367
1316 51.0868213095
1317 51.0852715823
1318 51.0837218551
1319 51.0821721279
1320 51.0806224007
1321 51.0790726735
1322 51.0775229464
1323 51.0759732192
1324 51.074423492
1325 51.0725714608
1326 51.0685291669
1327 51.0612844511
1328 51.0541546069
1329 51.0476050797
1330 51.0406103898
1331 51.0331043207
1332 51.0255982516
1333 51.017945718
1334 51.0093022678
1335 51.0006588177
1336 50.9920153675
1337 50.9833719174
1338 50.9747284673
1339 50.9660850171
1340 50.957441567
1341 50.9487981168
1342 50.9420824072
1343 50.9362233548
1344 50.930576668
1345 50.9238320468
1346 50.9170874256
1347 50.9103428043
1348 50.9035981831
1349 50.8968535619
1350 50.8901089407
1351 50.8833643195
1352 50.8766196982
1353 50.869875077
1354 50.8631304558
1355 50.8563858346
1356 50.8496412134
1357 50.8428965922
1358 50.8356920907
1359 50.829894134
1360 50.824950184
1361 50.8191958531
1362 50.8133062034
1363 50.8074165537
1364 50.801526904
1365 50.7956372543
1366 50.7897476045
1367 50.7838579548
1368 50.7779683051
1369 50.7720786554
1370 50.7661598507
1371 50.7607212393
1372 50.7553316522
1373 50.7499420651
1374 50.7442171082
1375 50.737571821
1376 50.7299424247
1377 50.7232913399
1378 50.717209113
1379 50.7111268861
1380 50.7050446593
1381 50.6989624324
1382 50.6928802056
1383 50.6867979787
1384 50.6807157518
1385 50.674633525
1386 50.6685512981
1387 50.6624690712
1388 50.6563336617
1389 50.6498235483
1390 50.6435549796
1391 50.637419565
1392 50.6295720664
1393 50.6216004581
1394 50.6134738411
1395 50.6053472241
1396 50.5972206072
1397 50.5890939902
1398 50.5809673732
1399 50.5728407563
1400 50.5647141393
1401 50.5565875224
1402 50.5484609054
1403 50.5403342884
1404 50.5322076715
1405 50.5240810545
1406 50.5159544375
1407 50.5070048991
1408 50.4979600295
1409 50.4884127264
1410 50.4780269346
1411 50.4676411429
1412 50.4572553512
1413 50.4468695594
1414 50.4364837677
1415 50.426097976
1416 50.4157121842
1417 50.4053263925
1418 50.3956369048
1419 50.3859785324
1420 50.3763201601
1421 50.3666617877
1422 50.3570034154
1423 50.347327428
1424 50.3391414585
1425 50.332405461
1426 50.3256216879
1427 50.3188348711
1428 50.3120480544
1429 50.3052612377
1430 50.298474421
1431 50.2916876043
1432 50.2849007876
1433 50.2781139709
1434 50.2713271542
1435 50.2645403374
1436 50.2577535207
1437 50.250966704
1438 50.2441798873
1439 50.2373930706
1440 50.2307765829
1441 50.2235570929
1442 50.2174782826
1443 50.2118560555
1444 50.2062338285
1445 50.200725979
1446 50.1940567931
1447 50.1859502361
1448 50.177843679
1449 50.169737122
1450 50.1616305649
1451 50.1535240078
1452 50.1454174508
1453 50.1373108937
1454 50.1292043367
1455 50.1210977796
1456 50.1135920244
1457 50.1050789018
1458 50.0966149294
1459 50.0879499335
1460 50.0792849377
1461 50.0706199418
1462 50.0619549459
1463 50.0532899501
1464 50.0446249542
1465 50.0359599584
1466 50.0272949625
1467 50.0186299666
1468 50.0099649708
1469 50.0012999749
1470 49.992634979
1471 49.9839751613
1472 49.9751123897
1473 49.9651963425
1474 49.9552570538
1475 49.9453370455
1476 49.9358629774
1477 49.9266453281
1478 49.9174276788
1479 49.9082100295
1480 49.8989923802
1481 49.8897747309
1482 49.8804040605
1483 49.8705722148
1484 49.8607403692
1485 49.8509085235
1486 49.8410766779
1487 49.8312448322
1488 49.8211736365
1489 49.8109854354
1490 49.8008906483
1491 49.7904571033
1492 49.7800235583
1493 49.7695900133
1494 49.7591564682
1495 49.7487229232
1496 49.7382893782
1497 49.7278558332
1498 49.7174222882
1499 49.7069887432
1500 49.6965551982
1501 49.6861216532
1502 49.6756881082
1503 49.6652545632
1504 49.6542282336
1505 49.6445570407
1506 49.6354676951
1507 49.6251643969
1508 49.6145272032
1509 49.6038900096
1510 49.5932528159
1511 49.5826156223
1512 49.5719784286
1513 49.561341235
1514 49.5507040414
1515 49.5400668477
1516 49.5294296541
1517 49.5187924604
1518 49.5081552668
1519 49.4981767597
1520 49.4898754044
1521 49.4822124277
1522 49.4755390783
1523 49.4702698629
1524 49.4660894099
1525 49.4619089569
1526 49.4577285039
1527 49.4535480508
1528 49.4493675978
1529 49.4451871448
1530 49.4410066918
1531 49.4368262388
1532 49.4326457857
1533 49.4284653327
1534 49.4240662766
1535 49.4191567591
1536 49.4139991888
1537 49.4074265742
1538 49.399202129
1539 49.3903171476
1540 49.3801606081
1541 49.3700040686
1542 49.3598475291
1543 49.3496909896
1544 49.3395344501
1545 49.3293779106
1546 49.3192213711
1547 49.3090648316
1548 49.2989082921
1549 49.2887517526
1550 49.2785952131
1551 49.2684386735
1552 49.258282134
1553 49.2488072201
1554 49.2397173943
1555 49.2310763966
1556 49.2235252748
1557 49.2143776892
1558 49.2052301036
1559 49.196082518
1560 49.1869349324
1561 49.1777873468
1562 49.1686397611
1563 49.1594157953
1564 49.149720779
1565 49.1400257627
1566 49.1303307463
1567 49.12063573
1568 49.1109407137
1569 49.1010774197
1570 49.0903387347
1571 49.0788147215
1572 49.0660993297
1573 49.0532005715
1574 49.0403018132
1575 49.027403055
1576 49.0145042968
1577 49.0016055386
1578 48.9887067804
1579 48.9758080222
1580 48.962909264
1581 48.9500105058
1582 48.9371117475
1583 48.9242129893
1584 48.9113142311
1585 48.8984132151
1586 48.8870525562
1587 48.878649047
1588 48.8712272257
1589 48.8643024132
1590 48.8573776008
1591 48.8504527883
1592 48.8435279758
1593 48.837415061
1594 48.8320422463
1595 48.8266694316
1596 48.8212966169
1597 48.8159238022
1598 48.8105509875
1599 48.8066914299
1600 48.8030067714
1601 48.799322113
1602 48.7956374545
1603 48.7919527961
1604 48.7882681376
1605 48.7845834792
1606 48.7808988207
1607 48.7772141622
1608 48.7735295038
1609 48.7698448453
1610 48.7661601869
1611 48.7624755284
1612 48.7587908699
1613 48.7551062115
1614 48.751421553
1615 48.7477368946
1616 48.7440522361
1617 48.7403675777
1618 48.7366829192
1619 48.7329982607
1620 48.7293136023
1621 48.7256289438
1622 48.7213359242
1623 48.7169212375
1624 48.7125065509
1625 48.7080918642
1626 48.7036771775
1627 48.6992624908
1628 48.6948478041
1629 48.6904331174
1630 48.6860518884
1631 48.681606102
1632 48.6771457817
1633 48.6726854613
1634 48.6682251409
1635 48.6637648205
1636 48.6593045002
1637 48.6548441798
1638 48.6503838594
1639 48.645923539
1640 48.6414632186
1641 48.6370028983
1642 48.6325425779
1643 48.6280822575
1644 48.6236219371
1645 48.6191616168
1646 48.6147012964
1647 48.610240976
1648 48.6057806556
1649 48.6013203352
1650 48.5968600149
1651 48.5935043624
1652 48.5906397272
1653 48.587775092
1654 48.5849104568
1655 48.5820458216
1656 48.5791811863
1657 48.5763165511
1658 48.5734519159
1659 48.5705872807
1660 48.5677226455
1661 48.5648580102
1662 48.561993375
1663 48.5591287398
1664 48.5562641046
1665 48.5533994694
1666 48.5505348342
1667 48.5476584513
1668 48.5452788134
1669 48.5430520393
1670 48.5408252652
1671 48.5385984911
1672 48.536371717
1673 48.534144943
1674 48.5319181689
1675 48.5296913948
1676 48.5274646207
1677 48.5252378466
1678 48.5230110725
1679 48.5207842984
1680 48.5179994522
1681 48.5146764767
1682 48.5113535012
1683 48.5080305258
1684 48.5047075503
1685 48.5013845748
1686 48.4980615994
1687 48.4947386239
1688 48.4914156484
1689 48.4880926729
1690 48.4847696975
1691 48.481446722
1692 48.4781237465
1693 48.4748007711
1694 48.4714777956
1695 48.4681548201
1696 48.4648318447
1697 48.4615088692
1698 48.4581858937
1699 48.4548629183
1700 48.4515399428
1701 48.4482169673
1702 48.4448939918
1703 48.4415710164
1704 48.4381858406
1705 48.4340413463
1706 48.4296240532
1707 48.4252067601
1708 48.4205695953
1709 48.4156734803
1710 48.4107773653
1711 48.4058812502
1712 48.4009851352
1713 48.3960890202
1714 48.3911929051
1715 48.3862967901
1716 48.3814006751
1717 48.37650456
1718 48.371608445
1719 48.36671233
1720 48.3618162149
1721 48.3569200999
1722 48.3520239849
1723 48.3471278698
1724 48.3422317548
1725 48.3373356398
1726 48.3324395247
1727 48.3275434097
1728 48.3226472947
1729 48.3177511796
1730 48.3128550646
1731 48.3079589496
1732 48.3030628345
1733 48.2981667195
1734 48.2932706045
1735 48.2883744894
1736 48.2834783744
1737 48.2785822594
1738 48.2737890275
1739 48.2693742486
1740 48.2649594697
1741 48.260541382
1742 48.2559484712
1743 48.2512140179
1744 48.2464795645
1745 48.2417451112
1746 48.2370106578
1747 48.2322762044
1748 48.2275417511
1749 48.2228072977
1750 48.2180728444
1751 48.213338391
1752 48.2086039376
1753 48.2038694843
1754 48.1991350309
1755 48.1944005776
1756 48.1896661242
1757 48.1849316708
1758 48.1801972175
1759 48.1754627641
1760 48.1707283108
1761 48.1659938574
1762 48.161259404
1763 48.1565249507
1764 48.1517904973
1765 48.147056044
1766 48.1423215906
1767 48.137579001
1768 48.1327076843
1769 48.1278363676
1770 48.1229650509
1771 48.1180937342
1772 48.1132224175
1773 48.1083511009
1774 48.1034797842
1775 48.0986084675
1776 48.0937371508
1777 48.0888658341
1778 48.0839945174
1779 48.0796747927
1780 48.0755796284
1781 48.0714844641
1782 48.0673892998
1783 48.0632941354
1784 48.0591989711
1785 48.0551038068
1786 48.0510086425
1787 48.0469134781
1788 48.0428183138
1789 48.0387231495
1790 48.0346279852
1791 48.0305328208
1792 48.0264376565
1793 48.0223424922
1794 48.0182473279
1795 48.0141521635
1796 48.0100569992
1797 48.0067904288
1798 48.0036070466
1799 48.0004236644
1800 47.9972402822
1801 47.9940569
1802 47.9908735178
1803 47.9876901356
1804 47.9845067534
1805 47.9813233712
1806 47.978139989
1807 47.9749566068
1808 47.9717732247
1809 47.9685898425
1810 47.9654064603
1811 47.9622230781
1812 47.9590396959
1813 47.9558563137
1814 47.9526729315
1815 47.9494895493
1816 47.9459223396
1817 47.9423735673
1818 47.938824795
1819 47.9352760228
1820 47.9317272505
1821 47.9281784782
1822 47.924629706
1823 47.9210809337
1824 47.9175321615
1825 47.9139833892
1826 47.9092291712
1827 47.904038106
1828 47.8988470408
1829 47.8936559756
1830 47.8884649103
1831 47.8832738451
1832 47.8780827799
1833 47.8728917147
1834 47.8677006494
1835 47.8625095842
1836 47.857318519
1837 47.8521274538
1838 47.8469363885
1839 47.8417453233
1840 47.8365542581
1841 47.8313631929
1842 47.8261721276
1843 47.8209810624
1844 47.8157899972
1845 47.810598932
1846 47.8054078667
1847 47.8002168015
1848 47.7950257363
1849 47.7898346711
1850 47.7846436058
1851 47.7794525406
1852 47.7742614754
1853 47.7697008978
1854 47.7652400166
1855 47.7616589325
1856 47.7586581082
1857 47.7556572838
1858 47.7526564595
1859 47.7496556352
1860 47.7466548109
1861 47.7436539865
1862 47.7406531622
1863 47.7376523379
1864 47.7346515136
1865 47.7316506893
1866 47.7286498649
1867 47.7256490406
1868 47.7226482163
1869 47.719647392
1870 47.7166465676
1871 47.7136457433
1872 47.710644919
1873 47.7076440947
1874 47.7046432704
1875 47.701642446
1876 47.6986416217
1877 47.6956407974
1878 47.6926399731
1879 47.6896391487
1880 47.6866383244
1881 47.6836375001
1882 47.6806366758
1883 47.6776358514
1884 47.6744498031
1885 47.6710208449
1886 47.6675918866
1887 47.6641629284
1888 47.6607339702
1889 47.657305012
1890 47.653400238
1891 47.6496058941
1892 47.6458115501
1893 47.6420172062
1894 47.6382228622
1895 47.6344285183
1896 47.6306341743
1897 47.6268398304
1898 47.6230454864
1899 47.6192511425
1900 47.6154567985
1901 47.6116624546
1902 47.6078681106
1903 47.6040737667
1904 47.6002794227
1905 47.5964850788
1906 47.5926907348
1907 47.5888963909
1908 47.585102047
1909 47.581307703
1910 47.5775133591
1911 47.5737190151
1912 47.5699246712
1913 47.5660428403
1914 47.561929191
1915 47.5578155417
1916 47.5537018924
1917 47.5495882431
1918 47.5454745938
1919 47.5413609445
1920 47.5372472952
1921 47.5331336459
1922 47.5290199966
1923 47.5249063473
1924 47.520792698
1925 47.5166790487
1926 47.5125653993
1927 47.5088741343
1928 47.5054448913
1929 47.5020156482
1930 47.4985864051
1931 47.495157162
1932 47.491727919
1933 47.4882986759
1934 47.4848694328
1935 47.4814401897
1936 47.4780109466
1937 47.4745817036
1938 47.4711524605
1939 47.4677232174
1940 47.4642939743
1941 47.4608647313
1942 47.4574816515
1943 47.4544253604
1944 47.4513690694
1945 47.4483127783
1946 47.4452564872
1947 47.4422001962
1948 47.4391439051
1949 47.436087614
1950 47.4330313229
1951 47.4299750319
1952 47.4269187408
1953 47.4238624497
1954 47.4208061587
1955 47.4177498676
1956 47.4146935765
1957 47.4116372855
1958 47.4085809944
1959 47.4055247033
1960 47.4024684123
1961 47.3994121212
1962 47.3963558301
1963 47.3932995391
1964 47.3903301844
1965 47.3871441835
1966 47.3838204365
1967 47.3804966894
1968 47.3771729424
1969 47.3738491953
1970 47.3705254483
1971 47.3672017012
1972 47.3639548062
1973 47.3607108042
1974 47.3574668022
1975 47.3542228002
1976 47.3509787983
1977 47.3477347963
1978 47.3444907943
1979 47.3412467923
1980 47.3380027903
1981 47.3347587883
1982 47.3315147863
1983 47.3282707843
1984 47.3250267823
1985 47.3217827803
1986 47.3185387783
1987 47.3152947763
1988 47.3120507743
1989 47.3088067723
1990 47.3056773427
1991 47.3032376699
1992 47.3018114522
1993 47.3003852344
1994 47.2989590167
1995 47.2979891616
1996 47.2979891616
1997 47.2979891616
1998 47.2979891616
1999 47.2979891616
