500.0 -2.051608
502.002002002 -2.021136
504.004004004 -2.021136
506.006006006 -2.021136
508.008008008 -2.021136
510.01001001 -1.625
512.012012012 -1.035944
514.014014014 -1.035944
516.016016016 -1.035944
518.018018018 -1.046136
520.02002002 -1.45236
522.022022022 -1.848392
524.024024024 -1.848392
526.026026026 -1.848392
528.028028028 -1.848392
530.03003003 -1.10708
532.032032032 -1.10708
534.034034034 -1.10708
536.036036036 -1.10708
538.038038038 -1.10708
540.04004004 -0.426504
542.042042042 0.13208
544.044044044 0.15236
546.046046046 0.142168
548.048048048 0.111696
550.05005005 0.091416
552.052052052 0.091312
554.054054054 0.091416
556.056056056 0.091416
558.058058058 0.091312
560.06006006 0.060944
562.062062062 0.050752
564.064064064 0.040664
566.066066066 0.050752
568.068068068 0.050752
570.07007007 0.060944
572.072072072 0.060944
574.074074074 0.060944
576.076076076 0.060944
578.078078078 0.060944
580.08008008 0.162552
582.082082082 0.182728
584.084084084 0.162552
586.086086086 0.142168
588.088088088 0.1118
590.09009009 0.010088
592.092092092 0.010192
594.094094094 0.010192
596.096096096 0.010192
598.098098098 0.010192
600.1001001 0.010192
602.102102102 0.0
604.104104104 0.0
606.106106106 0.0
608.108108108 -0.050752
610.11011011 -0.568776
612.112112112 -0.568776
614.114114114 -0.568776
616.116116116 -0.568776
618.118118118 -0.548392
620.12012012 0.121888
622.122122122 0.121888
624.124124124 0.121888
626.126126126 0.121888
628.128128128 0.101608
630.13013013 0.233584
632.132132132 0.233584
634.134134134 0.233584
636.136136136 0.243672
638.138138138 -0.071136
640.14014014 -0.51792
642.142142142 -0.51792
644.144144144 -0.51792
646.146146146 -0.51792
648.148148148 -0.467168
650.15015015 -0.26416
652.152152152 -0.26416
654.154154154 -0.26416
656.156156156 -0.26416
658.158158158 -0.446784
660.16016016 -0.49764
662.162162162 -0.49764
664.164164164 -0.49764
666.166166166 -0.49764
668.168168168 -1.056224
670.17017017 -1.503112
672.172172172 -1.503112
674.174174174 -1.503112
676.176176176 -1.503112
678.178178178 -0.863304
680.18018018 -0.568776
682.182182182 -0.568776
684.184184184 -0.568776
686.186186186 -0.558688
688.188188188 -0.446888
690.19019019 -0.294528
692.192192192 -0.294528
694.194194194 -0.294528
696.196196196 -0.294528
698.198198198 -0.416416
700.2002002 -0.47736
702.202202202 -0.47736
704.204204204 -0.47736
706.206206206 -0.487448
708.208208208 -0.223496
710.21021021 -0.040664
712.212212212 -0.040664
714.214214214 -0.040664
716.216216216 -0.040664
718.218218218 -0.111696
720.22022022 -0.060944
722.222222222 -0.060944
724.224224224 -0.071136
726.226226226 -0.071032
728.228228228 -0.568776
730.23023023 -0.578864
732.232232232 -0.578864
734.234234234 -0.578864
736.236236236 -0.599144
738.238238238 -0.426608
740.24024024 -0.396032
742.242242242 -0.385944
744.244244244 -0.396032
746.246246246 -0.436696
748.248248248 -0.62972
750.25025025 -0.62972
752.252252252 -0.62972
754.254254254 -0.62972
756.256256256 -0.67028
758.258258258 -0.80236
760.26026026 -0.80236
762.262262262 -0.80236
764.264264264 -0.80236
766.266266266 -0.710944
768.268268268 -0.406224
770.27027027 -0.406224
772.272272272 -0.406224
774.274274274 -0.406224
776.276276276 -0.406224
778.278278278 -0.375752
780.28028028 -0.375752
782.282282282 -0.375752
784.284284284 -0.375752
786.286286286 -0.426608
788.288288288 -0.487448
790.29029029 -0.487448
792.292292292 -0.487448
794.294294294 -0.487448
796.296296296 -0.2132
798.298298298 -0.385944
800.3003003 -0.385944
802.302302302 -0.375752
804.304304304 -0.375752
806.306306306 -0.355472
808.308308308 -0.335192
810.31031031 -0.335192
812.312312312 -0.335192
814.314314314 -0.335192
816.316316316 -0.446888
818.318318318 -0.507728
820.32032032 -0.507728
822.322322322 -0.507728
824.324324324 -0.507728
826.326326326 -0.528112
828.328328328 -0.528112
830.33033033 -0.528112
832.332332332 -0.528112
834.334334334 -0.528112
836.336336336 -0.487448
838.338338338 -0.47736
840.34034034 -0.47736
842.342342342 -0.47736
844.344344344 -0.47736
846.346346346 -0.568776
848.348348348 -0.578968
850.35035035 -0.578968
852.352352352 -0.578968
854.354354354 -0.568776
856.356356356 -0.62972
858.358358358 -0.62972
860.36036036 -0.62972
862.362362362 -0.62972
864.364364364 -0.619528
866.366366366 -0.568776
868.368368368 -0.568776
870.37037037 -0.568776
872.372372372 -0.568776
874.374374374 -0.558584
876.376376376 -0.568776
878.378378378 -0.568776
880.38038038 -0.568776
882.382382382 -0.558688
884.384384384 -0.599248
886.386386386 -0.67028
888.388388388 -0.67028
890.39039039 -0.67028
892.392392392 -0.67028
894.394394394 -0.619528
896.396396396 -0.558584
898.398398398 -0.548392
900.4004004 -0.548496
902.402402402 -0.548496
904.404404404 -0.467168
906.406406406 -0.396136
908.408408408 -0.396136
910.41041041 -0.396136
912.412412412 -0.396136
914.414414414 -0.467168
916.416416416 -0.528112
918.418418418 -0.528112
920.42042042 -0.528112
922.422422422 -0.528112
924.424424424 -0.49764
926.426426426 -0.49764
928.428428428 -0.49764
930.43043043 -0.49764
932.432432432 -0.49764
934.434434434 -0.385944
936.436436436 -0.365664
938.438438438 -0.365664
940.44044044 -0.365664
942.442442442 -0.365664
944.444444444 -0.487448
946.446446446 -0.507832
948.448448448 -0.507832
950.45045045 -0.507832
952.452452452 -0.528112
954.454454454 -0.680472
956.456456456 -0.690664
958.458458458 -0.690664
960.46046046 -0.690664
962.462462462 -0.670384
964.464464464 -0.578864
966.466466466 -0.578864
968.468468468 -0.578864
970.47047047 -0.578864
972.472472472 -0.599248
974.474474474 -0.680472
976.476476476 -0.680472
978.478478478 -0.680472
980.48048048 -0.680472
982.482482482 -0.741416
984.484484484 -0.883688
986.486486486 -0.883688
988.488488488 -0.883688
990.49049049 -0.883688
992.492492492 -0.081224
994.494494494 -0.975
996.496496496 -0.619528
998.498498498 -0.619528
1000.5005005 -0.619528
1002.5025025 -0.568776
1004.5045045 -0.507728
1006.50650651 -0.49764
1008.50850851 -0.507728
1010.51051051 -0.49764
1012.51251251 -0.558584
1014.51451451 -0.62972
1016.51651652 -0.62972
1018.51851852 -0.62972
1020.52052052 -0.62972
1022.52252252 -0.528112
1024.52452452 -0.47736
1026.52652653 -0.47736
1028.52852853 -0.47736
1030.53053053 -0.47736
1032.53253253 -0.314808
1034.53453453 -0.253864
1036.53653654 -0.253864
1038.53853854 -0.253864
1040.54054054 -0.152256
1042.54254254 -0.467168
1044.54454454 -0.467168
1046.54654655 -0.467168
1048.54854855 -0.467168
1050.55055055 -0.467168
1052.55255255 -0.548496
1054.55455455 -0.558688
1056.55655656 -0.558688
1058.55855856 -0.558688
1060.56056056 -0.558688
1062.56256256 -0.487448
1064.56456456 -0.456976
1066.56656657 -0.456976
1068.56856857 -0.456976
1070.57057057 -0.467168
1072.57257257 -0.741416
1074.57457457 -0.751504
1076.57657658 -0.761696
1078.57857858 -0.761696
1080.58058058 -0.771888
1082.58258258 -0.863304
1084.58458458 -0.863304
1086.58658659 -0.863304
1088.58858859 -0.863304
1090.59059059 -0.832832
1092.59259259 -0.660192
1094.59459459 -0.660192
1096.5965966 -0.660192
1098.5985986 -0.660192
1100.6006006 -0.67028
1102.6026026 -0.680472
1104.6046046 -0.680472
1106.60660661 -0.680472
1108.60860861 -0.680472
1110.61061061 -0.741312
1112.61261261 -0.8632
1114.61461461 -0.8632
1116.61661662 -0.8632
1118.61861862 -0.8632
1120.62062062 -0.731224
1122.62262262 -0.578968
1124.62462462 -0.589056
1126.62662663 -0.578968
1128.62862863 -0.578968
1130.63063063 -0.456976
1132.63263263 -0.365664
1134.63463463 -0.365664
1136.63663664 -0.375856
1138.63863864 -0.365664
1140.64064064 -0.49764
1142.64264264 -0.578968
1144.64464464 -0.578968
1146.64664665 -0.578968
1148.64864865 -0.578968
1150.65065065 -0.51792
1152.65265265 -0.49764
1154.65465465 -0.49764
1156.65665666 -0.49764
1158.65865866 -0.49764
1160.66066066 -0.436696
1162.66266266 -0.416416
1164.66466466 -0.416416
1166.66666667 -0.416416
1168.66866867 -0.416416
1170.67067067 -0.629616
1172.67267267 -0.65
1174.67467467 -0.65
1176.67667668 -0.65
1178.67867868 -0.660088
1180.68068068 -0.771888
1182.68268268 -0.771888
1184.68468468 -0.771888
1186.68668669 -0.78208
1188.68868869 -0.771888
1190.69069069 -0.65
1192.69269269 -0.65
1194.69469469 -0.65
1196.6966967 -0.65
1198.6986987 -0.680472
1200.7007007 -0.771888
1202.7027027 -0.771888
1204.7047047 -0.78208
1206.70670671 -0.771888
1208.70870871 -0.792168
1210.71071071 -0.843024
1212.71271271 -0.843024
1214.71471471 -0.853216
1216.71671672 -0.843024
1218.71871872 -0.721032
1220.72072072 -0.558584
1222.72272272 -0.568776
1224.72472472 -0.558584
1226.72672673 -0.568776
1228.72872873 -0.558584
1230.73073073 -0.568776
1232.73273273 -0.568776
1234.73473473 -0.568776
1236.73673674 -0.568776
1238.73873874 -0.548496
1240.74074074 -0.660088
1242.74274274 -0.660088
1244.74474474 -0.660088
1246.74674675 -0.660088
1248.74874875 -0.599248
1250.75075075 -0.548392
1252.75275275 -0.548392
1254.75475475 -0.548392
1256.75675676 -0.548392
1258.75875876 -0.49764
1260.76076076 -0.47736
1262.76276276 -0.47736
1264.76476476 -0.47736
1266.76676677 -0.47736
1268.76876877 -0.60944
1270.77077077 -0.639912
1272.77277277 -0.639912
1274.77477477 -0.639912
1276.77677678 -0.639912
1278.77877878 -0.660192
1280.78078078 -0.65
1282.78278278 -0.65
1284.78478478 -0.65
1286.78678679 -0.660088
1288.78878879 -0.619528
1290.79079079 -0.619528
1292.79279279 -0.619528
1294.79479479 -0.619528
1296.7967968 -0.639808
1298.7987988 -0.761696
1300.8008008 -0.771888
1302.8028028 -0.771888
1304.8048048 -0.771888
1306.80680681 -0.771888
1308.80880881 -0.771888
1310.81081081 -0.771888
1312.81281281 -0.771888
1314.81481481 -0.771888
1316.81681682 -0.741416
1318.81881882 -0.670384
1320.82082082 -0.680472
1322.82282282 -0.670384
1324.82482482 -0.680472
1326.82682683 -0.67028
1328.82882883 -0.680472
1330.83083083 -0.680472
1332.83283283 -0.680472
1334.83483483 -0.680472
1336.83683684 -0.710944
1338.83883884 -0.741416
1340.84084084 -0.741416
1342.84284284 -0.741416
1344.84484484 -0.741416
1346.84684685 -0.589056
1348.84884885 -0.51792
1350.85085085 -0.51792
1352.85285285 -0.51792
1354.85485485 -0.49764
1356.85685686 -0.467272
1358.85885886 -0.47736
1360.86086086 -0.47736
1362.86286286 -0.47736
1364.86486486 -0.47736
1366.86686687 -0.578968
1368.86886887 -0.609336
1370.87087087 -0.599248
1372.87287287 -0.599248
1374.87487487 -0.589056
1376.87687688 -0.507832
1378.87887888 -0.487552
1380.88088088 -0.49764
1382.88288288 -0.487552
1384.88488488 -0.47736
1386.88688689 -0.45708
1388.88888889 -0.467272
1390.89089089 -0.467272
1392.89289289 -0.467272
1394.89489489 -0.487552
1396.8968969 -0.680472
1398.8988989 -0.670384
1400.9009009 -0.670384
1402.9029029 -0.680472
1404.9049049 -0.710944
1406.90690691 -0.78208
1408.90890891 -0.78208
1410.91091091 -0.78208
1412.91291291 -0.78208
1414.91491491 -0.761696
1416.91691692 -0.639808
1418.91891892 -0.65
1420.92092092 -0.65
1422.92292292 -0.65
1424.92492492 -0.7618
1426.92692693 -0.934336
1428.92892893 -0.934336
1430.93093093 -0.934336
1432.93293293 -0.934336
1434.93493493 -0.893672
1436.93693694 -0.893776
1438.93893894 -0.883584
1440.94094094 -0.893776
1442.94294294 -0.893776
1444.94494494 -0.609336
1446.94694695 -0.456976
1448.94894895 -0.456976
1450.95095095 -0.456976
1452.95295295 -0.456976
1454.95495495 -0.487552
1456.95695696 -0.507728
1458.95895896 -0.507728
1460.96096096 -0.507728
1462.96296296 -0.507728
1464.96496496 -0.58916
1466.96696697 -0.619528
1468.96896897 -0.619528
1470.97097097 -0.619528
1472.97297297 -0.609336
1474.97497497 -0.34528
1476.97697698 -0.314808
1478.97897898 -0.314808
1480.98098098 -0.314808
1482.98298298 -0.314808
1484.98498498 -0.182832
1486.98698699 -0.193024
1488.98898899 -0.193024
1490.99099099 -0.193024
1492.99299299 -0.233584
1494.99499499 -0.741416
1496.996997 -0.741416
1498.998999 -0.741416
1501.001001 -0.741416
1503.003003 -0.771888
1505.00500501 -0.670384
1507.00700701 -0.670384
1509.00900901 -0.670384
1511.01101101 -0.670384
1513.01301301 -0.700752
1515.01501502 -0.65
1517.01701702 -0.65
1519.01901902 -0.65
1521.02102102 -0.65
1523.02302302 -0.914056
1525.02502503 -1.3
1527.02702703 -1.3
1529.02902903 -1.3
1531.03103103 -1.3
1533.03303303 -1.066416
1535.03503504 -1.218776
1537.03703704 -1.208688
1539.03903904 -1.208688
1541.04104104 -1.218776
1543.04304304 -1.005472
1545.04504505 -0.7618
1547.04704705 -0.7618
1549.04904905 -0.7618
1551.05105105 -0.7618
1553.05305305 -0.853112
1555.05505506 -0.964912
1557.05705706 -0.964912
1559.05905906 -0.964912
1561.06106106 -0.964912
1563.06306306 -0.985192
1565.06506507 -1.066416
1567.06706707 -1.066416
1569.06906907 -1.056224
1571.07107107 -1.056224
1573.07307307 -0.274248
1575.07507508 -0.101504
1577.07707708 -0.091312
1579.07907908 -0.091312
1581.08108108 1.025752
1583.08308308 -1.14764
1585.08508509 -0.121888
1587.08708709 -0.121888
1589.08908909 -0.13208
1591.09109109 -0.13208
1593.09309309 -0.67028
1595.0950951 -0.751504
1597.0970971 -0.751504
1599.0990991 -0.751504
1601.1011011 -0.7618
1603.1031031 -0.335192
1605.10510511 -0.314808
1607.10710711 -0.314808
1609.10910911 -0.314808
1611.11111111 -0.325
1613.11311311 -0.314808
1615.11511512 -0.304616
1617.11711712 -0.304616
1619.11911912 -0.294528
1621.12112112 -0.47736
1623.12312312 -1.16792
1625.12512513 -1.178112
1627.12712713 -1.178112
1629.12912913 -1.178112
1631.13113113 -1.218776
1633.13313313 -1.279616
1635.13513514 -1.269528
1637.13713714 -1.279616
1639.13913914 -1.279616
1641.14114114 -1.137448
1643.14314314 -0.82264
1645.14514515 -0.82264
1647.14714715 -0.82264
1649.14914915 -0.82264
1651.15115115 -1.157728
1653.15315315 -1.574248
1655.15515516 -1.574248
1657.15715716 -1.574248
1659.15915916 -1.574248
1661.16116116 -1.503112
1663.16316316 -1.503112
1665.16516517 -1.503112
1667.16716717 -1.503112
1669.16916917 -1.503112
1671.17117117 -0.690664
1673.17317317 -0.304616
1675.17517518 -0.304616
1677.17717718 -0.304616
1679.17917918 -0.304616
1681.18118118 -0.406224
1683.18318318 -0.47736
1685.18518519 -0.47736
1687.18718719 -0.47736
1689.18918919 -0.47736
1691.19119119 -0.721136
1693.19319319 -0.792168
1695.1951952 -0.781976
1697.1971972 -0.781976
1699.1991992 -0.761696
1701.2012012 -0.060944
1703.2032032 -0.010088
1705.20520521 -0.010088
1707.20720721 -0.010088
1709.20920921 0.0
1711.21121121 0.101504
1713.21321321 0.111696
1715.21521522 0.111696
1717.21721722 0.111696
1719.21921922 -0.06084
1721.22122122 -0.914056
1723.22322322 -0.934336
1725.22522523 -0.924144
1727.22722723 -0.924144
1729.22922923 -0.934336
1731.23123123 -0.80236
1733.23323323 -0.80236
1735.23523524 -0.80236
1737.23723724 -0.80236
1739.23923924 -0.781976
1741.24124124 -0.619528
1743.24324324 -0.619528
1745.24524525 -0.619528
1747.24724725 -0.619528
1749.24924925 -1.12736
1751.25125125 -1.685944
1753.25325325 -1.685944
1755.25525526 -1.685944
1757.25725726 -1.685944
1759.25925926 -1.645384
1761.26126126 -1.594528
1763.26326326 -1.594528
1765.26526527 -1.594528
1767.26726727 -1.594528
1769.26926927 -1.066416
1771.27127127 -0.781976
1773.27327327 -0.781976
1775.27527528 -0.781976
1777.27727728 -0.771888
1779.27927928 -0.93444
1781.28128128 -1.015664
1783.28328328 -1.015664
1785.28528529 -1.015664
1787.28728729 -1.005472
1789.28928929 -1.005472
1791.29129129 -1.056328
1793.29329329 -1.046136
1795.2952953 -1.046136
1797.2972973 -1.005472
1799.2992993 -0.15236
1801.3013013 -0.081224
1803.3033033 -0.081224
1805.30530531 -0.081224
1807.30730731 -0.081224
1809.30930931 -0.13208
1811.31131131 -0.142168
1813.31331331 -0.142168
1815.31531532 -0.142168
1817.31731732 -0.233584
1819.31931932 -0.710944
1821.32132132 -0.721136
1823.32332332 -0.721136
1825.32532533 -0.721136
1827.32732733 -0.670384
1829.32932933 -0.355472
1831.33133133 -0.355472
1833.33333333 -0.355472
1835.33533534 -0.355472
1837.33733734 -0.47736
1839.33933934 -0.589056
1841.34134134 -0.589056
1843.34334334 -0.589056
1845.34534535 -0.589056
1847.34734735 -0.903968
1849.34934935 -1.239056
1851.35135135 -1.239056
1853.35335335 -1.239056
1855.35535536 -1.239056
1857.35735736 -1.157728
1859.35935936 -1.066416
1861.36136136 -1.066416
1863.36336336 -1.066416
1865.36536537 -1.066416
1867.36736737 -0.934336
1869.36936937 -0.873392
1871.37137137 -0.873392
1873.37337337 -0.873392
1875.37537538 -0.873392
1877.37737738 -1.035944
1879.37937938 -1.10708
1881.38138138 -1.117168
1883.38338338 -1.117168
1885.38538539 -1.106976
1887.38738739 -0.832728
1889.38938939 -0.792168
1891.39139139 -0.792168
1893.39339339 -0.792168
1895.3953954 -0.761696
1897.3973974 -0.497744
1899.3993994 -0.487552
1901.4014014 -0.487552
1903.4034034 -0.487552
1905.40540541 -0.487552
1907.40740741 -0.721136
1909.40940941 -0.731224
1911.41141141 -0.721032
1913.41341341 -0.731224
1915.41541542 -0.721136
1917.41741742 -0.65
1919.41941942 -0.65
1921.42142142 -0.65
1923.42342342 -0.639808
1925.42542543 0.741416
1927.42742743 -1.970384
1929.42942943 -0.78208
1931.43143143 -0.78208
1933.43343343 -0.78208
1935.43543544 -0.843024
1937.43743744 -1.117272
1939.43943944 -1.12736
1941.44144144 -1.12736
1943.44344344 -1.137448
1945.44544545 -1.056224
1947.44744745 -0.964808
1949.44944945 -0.964808
1951.45145145 -0.964808
1953.45345345 -0.964808
1955.45545546 -0.883584
1957.45745746 -0.873392
1959.45945946 -0.8632
1961.46146146 -0.873392
1963.46346346 -0.8632
1965.46546547 -0.944528
1967.46746747 -1.157832
1969.46946947 -1.157832
1971.47147147 -1.157832
1973.47347347 -1.137552
1975.47547548 -0.680472
1977.47747748 -0.528112
1979.47947948 -0.528112
1981.48148148 -0.528112
1983.48348348 -0.49764
1985.48548549 -0.081224
1987.48748749 0.010088
1989.48948949 0.010088
1991.49149149 0.010088
1993.49349349 0.04056
1995.4954955 -0.528216
1997.4974975 -0.721136
1999.4994995 -0.721136
2001.5015015 -0.721136
2003.5035035 -0.710944
2005.50550551 -0.507728
2007.50750751 -0.487552
2009.50950951 -0.487552
2011.51151151 -0.487552
2013.51351351 -0.47736
2015.51551552 -0.375752
2017.51751752 -0.36556
2019.51951952 -0.36556
2021.52152152 -0.36556
2023.52352352 -0.49764
2025.52552553 -1.360944
2027.52752753 -1.411696
2029.52952953 -1.401504
2031.53153153 -1.401504
2033.53353353 -1.421888
2035.53553554 -1.604616
2037.53753754 -1.614808
2039.53953954 -1.614808
2041.54154154 -1.614808
2043.54354354 -1.360944
2045.54554555 -0.934336
2047.54754755 -0.934336
2049.54954955 -0.934336
2051.55155155 -0.934336
2053.55355355 -1.157832
2055.55555556 -1.716416
2057.55755756 -1.716416
2059.55955956 -1.716416
2061.56156156 -1.716416
2063.56356356 -1.594528
2065.56556557 -1.726608
2067.56756757 -1.726608
2069.56956957 -1.726608
2071.57157157 -1.716416
2073.57357357 -0.467168
2075.57557558 0.121888
2077.57757758 0.131976
2079.57957958 0.121888
2081.58158158 0.162448
2083.58358358 0.020384
2085.58558559 -0.17264
2087.58758759 -0.17264
2089.58958959 -0.17264
2091.59159159 -0.142168
2093.59359359 -0.51792
2095.5955956 -0.65
2097.5975976 -0.65
2099.5995996 -0.65
2101.6016016 -0.619528
2103.6036036 0.071032
2105.60560561 0.15236
2107.60760761 0.15236
2109.60960961 0.15236
2111.61161161 0.121888
2113.61361361 -0.15236
2115.61561562 -0.17264
2117.61761762 -0.17264
2119.61961962 -0.17264
2121.62162162 -0.375856
2123.62362362 -1.34056
2125.62562563 -1.381224
2127.62762763 -1.381224
2129.62962963 -1.391416
2131.63163163 -1.411696
2133.63363363 -1.25944
2135.63563564 -1.25944
2137.63763764 -1.25944
2139.63963964 -1.25944
2141.64164164 -1.279616
2143.64364364 -1.066416
2145.64564565 -1.066416
2147.64764765 -1.066416
2149.64964965 -1.066416
2151.65165165 -1.60472
2153.65365365 -2.264808
2155.65565566 -2.275
2157.65765766 -2.275
2159.65965966 -2.25472
2161.66166166 -1.909336
2163.66366366 -1.594528
2165.66566567 -1.594528
2167.66766767 -1.594528
2169.66966967 -1.594528
2171.67167167 -0.883584
2173.67367367 -0.446888
2175.67567568 -0.446888
2177.67767768 -0.446888
2179.67967968 -0.446888
2181.68168168 -0.78208
2183.68368368 -0.934336
2185.68568569 -0.924248
2187.68768769 -0.924248
2189.68968969 -0.93444
2191.69169169 -0.78208
2193.69369369 -0.741312
2195.6956957 -0.741312
2197.6976977 -0.741312
2199.6996997 -0.741416
2201.7017017 0.020384
2203.7037037 0.13208
2205.70570571 0.13208
2207.70770771 0.13208
2209.70970971 0.060944
2211.71171171 -0.355472
2213.71371371 -0.385944
2215.71571572 -0.385944
2217.71771772 -0.385944
2219.71971972 -0.518024
2221.72172172 -1.066416
2223.72372372 -1.086696
2225.72572573 -1.076608
2227.72772773 -1.086696
2229.72972973 -1.056328
2231.73173173 -0.589056
2233.73373373 -0.578968
2235.73573574 -0.578968
2237.73773774 -0.578968
2239.73973974 -0.78208
2241.74174174 -1.046136
2243.74374374 -1.046136
2245.74574575 -1.046136
2247.74774775 -1.046136
2249.74974975 -1.340664
2251.75175175 -1.696136
2253.75375375 -1.696136
2255.75575576 -1.696136
2257.75775776 -1.696136
2259.75975976 -1.442168
2261.76176176 -1.157832
2263.76376376 -1.157832
2265.76576577 -1.157832
2267.76776777 -1.157832
2269.76976977 -0.964912
2271.77177177 -0.84292
2273.77377377 -0.84292
2275.77577578 -0.84292
2277.77777778 -0.84292
2279.77977978 -0.975
2281.78178178 -1.056224
2283.78378378 -1.056224
2285.78578579 -1.056224
2287.78778779 -1.046032
2289.78978979 -0.700752
2291.79179179 -0.599248
2293.79379379 -0.599248
2295.7957958 -0.609336
2297.7977978 -0.599248
2299.7997998 -0.243776
2301.8018018 -0.17264
2303.8038038 -0.17264
2305.80580581 -0.17264
2307.80780781 -0.19292
2309.80980981 -0.65
2311.81181181 -0.700752
2313.81381381 -0.69056
2315.81581582 -0.700752
2317.81781782 -0.721136
2319.81981982 -0.731328
2321.82182182 -0.721136
2323.82382382 -0.721136
2325.82582583 -0.721136
2327.82782783 -0.751608
2329.82982983 -0.660192
2331.83183183 -0.660192
2333.83383383 -0.65
2335.83583584 -0.65
2337.83783784 -0.771888
2339.83983984 -1.005472
2341.84184184 -1.015664
2343.84384384 -1.015664
2345.84584585 -1.005472
2347.84784785 -1.046136
2349.84984985 -1.03584
2351.85185185 -1.03584
2353.85385385 -1.03584
2355.85585586 -1.03584
2357.85785786 -0.975
2359.85985986 -0.903968
2361.86186186 -0.903968
2363.86386386 -0.903968
2365.86586587 -0.903968
2367.86786787 -0.873392
2369.86986987 -0.893672
2371.87187187 -0.893672
2373.87387387 -0.893672
2375.87587588 -0.893672
2377.87787788 -0.914056
2379.87987988 -0.954616
2381.88188188 -0.954616
2383.88388388 -0.954616
2385.88588589 -0.944528
2387.88788789 -1.046136
2389.88988989 -1.10708
2391.89189189 -1.10708
2393.89389389 -1.10708
2395.8958959 -1.086696
2397.8978979 -0.944528
2399.8998999 -0.934336
2401.9019019 -0.934336
2403.9039039 -0.934336
2405.90590591 -0.893776
2407.90790791 -0.903968
2409.90990991 -0.944528
2411.91191191 -0.934336
2413.91391391 -0.944528
2415.91591592 -0.253864
2417.91791792 -1.391416
2419.91991992 -1.157728
2421.92192192 -1.157728
2423.92392392 -1.157728
2425.92592593 -1.046136
2427.92792793 -0.51792
2429.92992993 -0.507728
2431.93193193 -0.507728
2433.93393393 -0.507728
2435.93593594 -0.416416
2437.93793794 -0.30472
2439.93993994 -0.314808
2441.94194194 -0.314808
2443.94394394 -0.325
2445.94594595 -0.406224
2447.94794795 -0.954616
2449.94994995 -0.975
2451.95195195 -0.975
2453.95395395 -0.975
2455.95595596 -0.832832
2457.95795796 -0.65
2459.95995996 -0.65
2461.96196196 -0.65
2463.96396396 -0.65
2465.96596597 -0.538304
2467.96796797 -0.416416
2469.96996997 -0.416416
2471.97197197 -0.416416
2473.97397397 -0.416416
2475.97597598 -1.218776
2477.97797798 -2.041416
2479.97997998 -2.041416
2481.98198198 -2.041416
2483.98398398 -2.041416
2485.98598599 -2.010944
2487.98798799 -1.990664
2489.98998999 -1.990664
2491.99199199 -1.990664
2493.99399399 -1.97028
2495.995996 -1.289808
2497.997998 -1.015664
2500.0 -1.015664
