-16.0 -20.2 
-15.5 -19.9 
-15.0 -19.6 
-14.5 -19.3 
-14.0 -19.0 
-13.5 -18.8 
-13.0 -18.5 
-12.5 -18.3 
-12.0 -18.0 
-11.5 -17.7 
-11.0 -17.5 
-10.5 -17.2 
-10.0 -17.0
-9.5 -16.7 
-9.0 -16.4 
-8.5 -16.2 
-8.0 -16.0 
-7.5 -15.8 
-7.0 -15.6 
-6.5 -15.4 
-6.0 -15.2 
-5.5 -15.0 
-5.0 -14.8 
-4.5 -14.6 
-4.0 -14.4 
-3.5 -14.2 
-3.0 -14.0 
-2.5 -13.8 
-2.0 -13.6 
-1.5 -13.4 
-1.0 -13.2 
-0.5 -13.1
0.0 -13.0 
0.5 -12.9 
1.0 -12.7 
1.5 -12.5 
2.0 -12.4 
2.5 -12.2 
3.0 -12.1 
3.5 -11.9 
4.0 -11.8 
4.5 -11.6
