500.0 -0.060944
502.002002002 0.0
504.004004004 -0.060944
506.006006006 -0.010192
508.008008008 -0.050752
510.01001001 0.02028
512.012012012 -0.040664
514.014014014 0.0
516.016016016 -0.050752
518.018018018 0.010088
520.02002002 -0.040664
522.022022022 0.010088
524.024024024 -0.040664
526.026026026 0.0
528.028028028 -0.040664
530.03003003 0.0
532.032032032 -0.040664
534.034034034 0.010192
536.036036036 -0.040664
538.038038038 -0.010192
540.04004004 -0.040664
542.042042042 -0.010192
544.044044044 -0.040664
546.046046046 -0.010088
548.048048048 -0.040664
550.05005005 -0.010088
552.052052052 -0.040664
554.054054054 -0.02028
556.056056056 -0.050752
558.058058058 -0.010192
560.06006006 -0.030472
562.062062062 -0.010192
564.064064064 -0.030472
566.066066066 -0.010088
568.068068068 -0.030472
570.07007007 -0.010088
572.072072072 -0.030472
574.074074074 -0.010192
576.076076076 -0.020384
578.078078078 -0.020384
580.08008008 -0.030472
582.082082082 -0.010192
584.084084084 -0.010192
586.086086086 -0.010192
588.088088088 -0.010088
590.09009009 -0.02028
592.092092092 -0.010088
594.094094094 -0.030472
596.096096096 0.0
598.098098098 -0.030472
600.1001001 0.0
602.102102102 -0.050752
604.104104104 0.0
606.106106106 -0.050752
608.108108108 0.010088
610.11011011 -0.060944
612.112112112 0.010088
614.114114114 -0.071136
616.116116116 0.02028
618.118118118 -0.060944
620.12012012 0.030472
622.122122122 -0.071136
624.124124124 0.020384
626.126126126 -0.071136
628.128128128 0.010192
630.13013013 -0.060944
632.132132132 0.02028
634.134134134 -0.060944
636.136136136 0.010088
638.138138138 -0.050856
640.14014014 0.0
642.142142142 -0.040664
644.144144144 0.0
646.146146146 -0.040664
648.148148148 -0.010192
650.15015015 -0.030472
652.152152152 -0.02028
654.154154154 -0.020384
656.156156156 -0.02028
658.158158158 0.0
660.16016016 -0.030472
662.162162162 -0.010192
664.164164164 -0.060944
666.166166166 -0.010192
668.168168168 -0.071032
670.17017017 0.0
672.172172172 -0.060944
674.174174174 0.010192
676.176176176 -0.071136
678.178178178 0.020384
680.18018018 -0.071136
682.182182182 0.020384
684.184184184 -0.071136
686.186186186 0.020384
688.188188188 -0.071136
690.19019019 0.020384
692.192192192 -0.071136
694.194194194 0.020384
696.196196196 -0.071136
698.198198198 0.010192
700.2002002 -0.071136
702.202202202 0.0
704.204204204 -0.060944
706.206206206 0.0
708.208208208 -0.050752
710.21021021 -0.020384
712.212212212 -0.050856
714.214214214 -0.030472
716.216216216 -0.050856
718.218218218 -0.020384
720.22022022 -0.010088
722.222222222 -0.030472
724.224224224 -0.010088
726.226226226 -0.040664
728.228228228 0.0
730.23023023 -0.050856
732.232232232 -0.010088
734.234234234 -0.060944
736.236236236 -0.010192
738.238238238 -0.050856
740.24024024 -0.010192
742.242242242 -0.060944
744.244244244 -0.020384
746.246246246 -0.050856
748.248248248 -0.010192
750.25025025 -0.060944
752.252252252 -0.010192
754.254254254 -0.060944
756.256256256 -0.010192
758.258258258 -0.060944
760.26026026 -0.010192
762.262262262 -0.050752
764.264264264 -0.010192
766.266266266 -0.04056
768.268268268 -0.010088
770.27027027 -0.04056
772.272272272 -0.02028
774.274274274 -0.04056
776.276276276 -0.02028
778.278278278 -0.04056
780.28028028 -0.020384
782.282282282 -0.04056
784.284284284 -0.030472
786.286286286 -0.030472
788.288288288 -0.020384
790.29029029 -0.040664
792.292292292 -0.030472
794.294294294 -0.040664
796.296296296 -0.02028
798.298298298 -0.040664
800.3003003 -0.02028
802.302302302 -0.040664
804.304304304 -0.02028
806.306306306 -0.030472
808.308308308 -0.02028
810.31031031 -0.050752
812.312312312 -0.030472
814.314314314 -0.04056
816.316316316 -0.02028
818.318318318 -0.04056
820.32032032 -0.020384
822.322322322 -0.050752
824.324324324 -0.020384
826.326326326 -0.030472
828.328328328 -0.020384
830.33033033 -0.030472
832.332332332 -0.04056
834.334334334 -0.030472
836.336336336 -0.04056
838.338338338 -0.020384
840.34034034 -0.04056
842.342342342 -0.010192
844.344344344 -0.050752
846.346346346 -0.010192
848.348348348 -0.050752
850.35035035 0.0
852.352352352 -0.050856
854.354354354 0.0
856.356356356 -0.060944
858.358358358 0.0
860.36036036 -0.071032
862.362362362 0.0
864.364364364 -0.060944
866.366366366 0.010088
868.368368368 -0.071136
870.37037037 0.0
872.372372372 -0.081328
874.374374374 -0.010088
876.376376376 -0.071136
878.378378378 0.0
880.38038038 -0.060944
882.382382382 -0.010192
884.384384384 -0.060944
886.386386386 -0.010192
888.388388388 -0.050752
890.39039039 -0.02028
892.392392392 -0.040664
894.394394394 -0.02028
896.396396396 -0.02028
898.398398398 -0.030472
900.4004004 -0.02028
902.402402402 -0.040664
904.404404404 -0.010088
906.406406406 -0.050856
908.408408408 0.0
910.41041041 -0.060944
912.412412412 0.010088
914.414414414 -0.060944
916.416416416 0.010088
918.418418418 -0.071136
920.42042042 0.0
922.422422422 -0.081328
924.424424424 0.010088
926.426426426 -0.081224
928.428428428 0.030472
930.43043043 -0.060944
932.432432432 0.02028
934.434434434 -0.071136
936.436436436 0.02028
938.438438438 -0.060944
940.44044044 0.010088
942.442442442 -0.060944
944.444444444 -0.010088
946.446446446 -0.050856
948.448448448 -0.02028
950.45045045 -0.040664
952.452452452 -0.010192
954.454454454 -0.030472
956.456456456 -0.04056
958.458458458 -0.02028
960.46046046 -0.04056
962.462462462 -0.02028
964.464464464 -0.040664
966.466466466 -0.010192
968.468468468 -0.050752
970.47047047 0.010192
972.472472472 -0.050856
974.474474474 -0.010088
976.476476476 -0.071136
978.478478478 0.0
980.48048048 -0.091416
982.482482482 -0.010088
984.484484484 -0.071032
986.486486486 0.02028
988.488488488 -0.071032
990.49049049 0.010088
992.492492492 -0.060944
994.494494494 -0.030472
996.496496496 -0.091416
998.498498498 -0.050752
1000.5005005 -0.091416
1002.5025025 -0.050856
1004.5045045 -0.04056
1006.50650651 -0.030472
1008.50850851 -0.040664
1010.51051051 -0.030472
1012.51251251 -0.030472
1014.51451451 -0.071136
1016.51651652 -0.050856
1018.51851852 -0.101608
1020.52052052 -0.060944
1022.52252252 -0.121888
1024.52452452 -0.15236
1026.52652653 -0.213304
1028.52852853 -0.131976
1030.53053053 -0.193024
1032.53253253 0.406224
1034.53453453 0.78208
1036.53653654 0.832832
1038.53853854 0.771888
1040.54054054 0.82264
1042.54254254 0.15236
1044.54454454 -0.548392
1046.54654655 -0.558688
1048.54854855 -0.558584
1050.55055055 -0.558584
1052.55255255 -2.671136
1054.55455455 -3.991312
1056.55655656 -3.991312
1058.55855856 -3.991312
1060.56056056 -3.991312
1062.56256256 -3.260192
1064.56456456 -2.6
1066.56656657 -2.6
1068.56856857 -2.6
1070.57057057 -2.6
1072.57257257 -3.189056
1074.57457457 -3.260192
1076.57657658 -3.260192
1078.57857858 -3.260192
1080.58058058 -3.260192
1082.58258258 -2.071888
1084.58458458 -1.7368
1086.58658659 -1.7368
1088.58858859 -1.7368
1090.59059059 -1.75708
1092.59259259 -1.828112
1094.59459459 -1.767168
1096.5965966 -1.77736
1098.5985986 -1.767168
1100.6006006 -1.848496
1102.6026026 -1.919528
1104.6046046 -1.909336
1106.60660661 -1.90944
1108.60860861 -1.919528
1110.61061061 -1.97028
1112.61261261 -2.153112
1114.61461461 -2.132832
1116.61661662 -2.12264
1118.61861862 -2.132832
1120.62062062 -2.183584
1122.62262262 -2.25472
1124.62462462 -2.25472
1126.62662663 -2.25472
1128.62862863 -2.25472
1130.63063063 -2.285192
1132.63263263 -2.285088
1134.63463463 -2.285088
1136.63663664 -2.285088
1138.63863864 -2.285088
1140.64064064 -2.264808
1142.64264264 -2.234336
1144.64464464 -2.214056
1146.64664665 -2.234336
1148.64864865 -2.224144
1150.65065065 -2.25472
1152.65265265 -2.264912
1154.65465465 -2.275
1156.65665666 -2.275
1158.65865866 -2.275
1160.66066066 -2.224144
1162.66266266 -2.203864
1164.66466466 -2.183688
1166.66666667 -2.203864
1168.66866867 -2.193776
1170.67067067 -2.275
1172.67267267 -2.285192
1174.67467467 -2.295384
1176.67667668 -2.285192
1178.67867868 -2.295384
1180.68068068 -2.244528
1182.68268268 -2.23444
1184.68468468 -2.224248
1186.68668669 -2.23444
1188.68868869 -2.224248
1190.69069069 -2.25472
1192.69269269 -2.244528
1194.69469469 -2.25472
1196.6966967 -2.244528
1198.6986987 -2.25472
1200.7007007 -2.275
1202.7027027 -2.285088
1204.7047047 -2.285088
1206.70670671 -2.285088
1208.70870871 -2.275
1210.71071071 -2.163304
1212.71271271 -2.163304
1214.71471471 -2.163304
1216.71671672 -2.163304
1218.71871872 -2.183584
1220.72072072 -2.31556
1222.72272272 -2.31556
1224.72472472 -2.31556
1226.72672673 -2.305472
1228.72872873 -2.25472
1230.73073073 -2.092168
1232.73273273 -2.10236
1234.73473473 -2.10236
1236.73673674 -2.10236
1238.73873874 -1.482832
1240.74074074 -2.23444
1242.74274274 -2.193776
1244.74474474 -2.203968
1246.74674675 -2.193776
1248.74874875 -2.203968
1250.75075075 -2.173392
1252.75275275 -2.173392
1254.75475475 -2.173392
1256.75675676 -2.173392
1258.75875876 -2.193776
1260.76076076 -2.203968
1262.76276276 -2.193776
1264.76476476 -2.203968
1266.76676677 -2.193776
1268.76876877 -2.25472
1270.77077077 -2.285088
1272.77277277 -2.285088
1274.77477477 -2.275
1276.77677678 -2.285088
1278.77877878 -2.275
1280.78078078 -2.254616
1282.78278278 -2.254616
1284.78478478 -2.254616
1286.78678679 -2.254616
1288.78878879 -2.285192
1290.79079079 -2.285192
1292.79279279 -2.295384
1294.79479479 -2.285192
1296.7967968 -2.285192
1298.7987988 -2.315664
1300.8008008 -2.325856
1302.8028028 -2.325856
1304.8048048 -2.325752
1306.80680681 -2.335944
1308.80880881 -2.275
1310.81081081 -2.264912
1312.81281281 -2.264808
1314.81481481 -2.275
1316.81681682 -2.275
1318.81881882 -2.325752
1320.82082082 -2.315664
1322.82282282 -2.315664
1324.82482482 -2.315664
1326.82682683 -2.335944
1328.82882883 -2.346136
1330.83083083 -2.356224
1332.83283283 -2.346136
1334.83483483 -2.356224
1336.83683684 -2.356328
1338.83883884 -2.366416
1340.84084084 -2.366416
1342.84284284 -2.356224
1344.84484484 -2.366416
1346.84684685 -2.386696
1348.84884885 -2.417168
1350.85085085 -2.42736
1352.85285285 -2.417168
1354.85485485 -2.42736
1356.85685686 -2.396888
1358.85885886 -2.366416
1360.86086086 -2.376608
1362.86286286 -2.366416
1364.86486486 -2.376608
1366.86686687 -2.376608
1368.86886887 -2.396888
1370.87087087 -2.396888
1372.87287287 -2.396888
1374.87487487 -2.396888
1376.87687688 -2.417272
1378.87887888 -2.437448
1380.88088088 -2.42736
1382.88288288 -2.42736
1384.88488488 -2.42736
1386.88688689 -2.417168
1388.88888889 -2.417168
1390.89089089 -2.396784
1392.89289289 -2.396784
1394.89489489 -2.396784
1396.8968969 -2.44764
1398.8988989 -2.44764
1400.9009009 -2.44764
1402.9029029 -2.44764
1404.9049049 -2.44764
1406.90690691 -2.569528
1408.90890891 -2.589808
1410.91091091 -2.57972
1412.91291291 -2.57972
1414.91491491 -2.57972
1416.91691692 -2.539056
1418.91891892 -2.528864
1420.92092092 -2.528864
1422.92292292 -2.528864
1424.92492492 -2.559336
1426.92692693 -2.833688
1428.92892893 -2.843776
1430.93093093 -2.843776
1432.93293293 -2.853968
1434.93493493 -2.823496
1436.93693694 -2.803112
1438.93893894 -2.79292
1440.94094094 -2.803112
1442.94294294 -2.79292
1444.94494494 -2.75236
1446.94694695 -2.701608
1448.94894895 -2.7118
1450.95095095 -2.701608
1452.95295295 -2.7118
1454.95495495 -2.782832
1456.95695696 -2.935192
1458.95895896 -2.94528
1460.96096096 -2.94528
1462.96296296 -2.935192
1464.96496496 -2.57972
1466.96696697 -2.275
1468.96896897 -2.275
1470.97097097 -2.275
1472.97297297 -2.275
1474.97497497 -2.742168
1476.97697698 -3.05708
1478.97897898 -3.05708
1480.98098098 -3.046888
1482.98298298 -3.05708
1484.98498498 -2.498496
1486.98698699 -2.275
1488.98898899 -2.275
1490.99099099 -2.285088
1492.99299299 -2.285192
1494.99499499 -2.031224
1496.996997 -1.980472
1498.998999 -1.99056
1501.001001 -1.980472
1503.003003 -2.000856
1505.00500501 -1.939912
1507.00700701 -1.990664
1509.00900901 -1.990664
1511.01101101 -1.990664
1513.01301301 -1.919528
1515.01501502 -0.741416
1517.01701702 -0.680472
1519.01901902 -0.690664
1521.02102102 -0.690664
1523.02302302 -0.771784
1525.02502503 -1.899144
1527.02702703 -1.919528
1529.02902903 -1.919528
1531.03103103 -1.919528
1533.03303303 -1.371136
1535.03503504 -0.467168
1537.03703704 -0.416416
1539.03903904 -0.426608
1541.04104104 -0.426608
1543.04304304 -0.589056
1545.04504505 -1.675856
1547.04704705 -1.675856
1549.04904905 -1.675856
1551.05105105 -1.665664
1553.05305305 -1.533584
1555.05505506 -1.259336
1557.05705706 -1.269528
1559.05905906 -1.259336
1561.06106106 -1.27972
1563.06306306 -0.903968
1565.06506507 -0.436696
1567.06706707 -0.416312
1569.06906907 -0.436696
1571.07107107 -0.416312
1573.07307307 -0.599248
1575.07507508 -0.802256
1577.07707708 -0.903864
1579.07907908 -0.82264
1581.08108108 -0.883584
1583.08308308 -0.34528
1585.08508509 -0.101608
1587.08708709 -0.101608
1589.08908909 -0.101608
1591.09109109 -0.091416
1593.09309309 0.619528
1595.0950951 1.289808
1597.0970971 1.310192
1599.0990991 1.289808
1601.1011011 1.269528
1603.1031031 0.82264
1605.10510511 0.721136
1607.10710711 0.690664
1609.10910911 0.8632
1611.11111111 0.751608
1613.11311311 0.873496
1615.11511512 0.82264
1617.11711712 0.903864
1619.11911912 0.82264
1621.12112112 0.914056
1623.12312312 0.781976
1625.12512513 0.853112
1627.12712713 0.78208
1629.12912913 0.84292
1631.13113113 0.80236
1633.13313313 0.365664
1635.13513514 0.304616
1637.13713714 0.314912
1639.13913914 0.304616
1641.14114114 0.314808
1643.14314314 0.528112
1645.14514515 0.51792
1647.14714715 0.518024
1649.14914915 0.47736
1651.15115115 0.507728
1653.15315315 0.314808
1655.15515516 0.365664
1657.15715716 0.314808
1659.15915916 0.375856
1661.16116116 0.325
1663.16316316 0.426608
1665.16516517 0.355472
1667.16716717 0.426608
1669.16916917 0.34528
1671.17117117 0.416416
1673.17317317 0.345384
1675.17517518 0.426504
1677.17717718 0.36556
1679.17917918 0.416416
1681.18118118 0.30472
1683.18318318 0.28444
1685.18518519 0.253968
1687.18718719 0.274248
1689.18918919 0.264056
1691.19119119 0.274144
1693.19319319 0.284336
1695.1951952 0.274248
1697.1971972 0.294528
1699.1991992 0.274248
1701.2012012 0.243776
1703.2032032 0.162448
1705.20520521 0.213304
1707.20720721 0.142168
1709.20920921 0.213304
1711.21121121 0.121888
1713.21321321 0.203112
1715.21521522 0.121784
1717.21721722 0.213304
1719.21921922 0.131976
1721.22122122 0.223496
1723.22322322 0.131976
1725.22522523 0.213304
1727.22722723 0.131976
1729.22922923 0.213304
1731.23123123 0.091416
1733.23323323 0.15236
1735.23523524 0.101608
1737.23723724 0.15236
1739.23923924 0.1118
1741.24124124 0.142168
1743.24324324 0.111696
1745.24524525 0.142168
1747.24724725 0.111696
1749.24924925 0.121888
1751.25125125 0.060944
1753.25325325 0.071032
1755.25525526 0.071136
1757.25725726 0.040664
1759.25925926 0.071136
1761.26126126 0.020384
1763.26326326 0.081224
1765.26526527 0.030472
1767.26726727 0.081328
1769.26926927 0.02028
1771.27127127 0.071032
1773.27327327 -0.010192
1775.27527528 0.060944
1777.27727728 -0.010192
1779.27927928 0.071032
1781.28128128 -0.020384
1783.28328328 0.050752
1785.28528529 -0.02028
1787.28728729 0.060944
1789.28928929 -0.030472
1791.29129129 0.050752
1793.29329329 -0.02028
1795.2952953 0.050752
1797.2972973 -0.010192
1799.2992993 0.02028
1801.3013013 -0.020384
1803.3033033 0.010192
1805.30530531 -0.010192
1807.30730731 0.010192
1809.30930931 -0.010088
1811.31131131 0.010192
1813.31331331 0.010088
1815.31531532 0.010192
1817.31731732 0.010192
1819.31931932 -0.020384
1821.32132132 0.0
1823.32332332 -0.020384
1825.32532533 0.010192
1827.32732733 -0.020384
1829.32932933 0.0
1831.33133133 -0.030472
1833.33333333 0.010192
1835.33533534 -0.030472
1837.33733734 0.010192
1839.33933934 -0.040664
1841.34134134 0.0
1843.34334334 -0.040664
1845.34534535 0.0
1847.34734735 -0.050752
1849.34934935 -0.010192
1851.35135135 -0.04056
1853.35335335 0.0
1855.35535536 -0.050752
1857.35735736 -0.010192
1859.35935936 -0.040664
1861.36136136 -0.010192
1863.36336336 -0.030472
1865.36536537 0.0
1867.36736737 -0.040664
1869.36936937 0.0
1871.37137137 -0.030472
1873.37337337 -0.010088
1875.37537538 -0.030472
1877.37737738 -0.010088
1879.37937938 -0.030472
1881.38138138 -0.02028
1883.38338338 -0.030472
1885.38538539 -0.010088
1887.38738739 -0.030472
1889.38938939 -0.02028
1891.39139139 -0.030472
1893.39339339 -0.02028
1895.3953954 -0.020384
1897.3973974 -0.02028
1899.3993994 -0.030472
1901.4014014 -0.020384
1903.4034034 -0.030472
1905.40540541 -0.010192
1907.40740741 -0.02028
1909.40940941 -0.010192
1911.41141141 -0.02028
1913.41341341 -0.010192
1915.41541542 -0.030472
1917.41741742 -0.02028
1919.41941942 -0.04056
1921.42142142 -0.030472
1923.42342342 -0.04056
1925.42542543 -0.030472
1927.42742743 -0.010192
1929.42942943 -0.030472
1931.43143143 -0.010192
1933.43343343 -0.04056
1935.43543544 -0.020384
1937.43743744 -0.04056
1939.43943944 -0.010192
1941.44144144 -0.050752
1943.44344344 -0.010192
1945.44544545 -0.04056
1947.44744745 0.0
1949.44944945 -0.050752
1951.45145145 0.0
1953.45345345 -0.050752
1955.45545546 0.0
1957.45745746 -0.050752
1959.45945946 0.010192
1961.46146146 -0.050752
1963.46346346 0.010192
1965.46546547 -0.060944
1967.46746747 0.0
1969.46946947 -0.060944
1971.47147147 0.0
1973.47347347 -0.050752
1975.47547548 0.010192
1977.47747748 -0.050752
1979.47947948 0.0
1981.48148148 -0.040664
1983.48348348 -0.010192
1985.48548549 -0.040664
1987.48748749 -0.010192
1989.48948949 -0.030472
1991.49149149 -0.010192
1993.49349349 -0.040664
1995.4954955 -0.02028
1997.4974975 -0.02028
1999.4994995 -0.030472
2001.5015015 -0.020384
2003.5035035 -0.040664
2005.50550551 -0.010192
2007.50750751 -0.050752
2009.50950951 0.0
2011.51151151 -0.050752
2013.51351351 0.0
2015.51551552 -0.060944
2017.51751752 0.010192
2019.51951952 -0.060944
2021.52152152 0.02028
2023.52352352 -0.071136
2025.52552553 0.030472
2027.52752753 -0.060944
2029.52952953 0.02028
2031.53153153 -0.071136
2033.53353353 0.02028
2035.53553554 -0.060944
2037.53753754 0.010088
2039.53953954 -0.050752
2041.54154154 0.030472
2043.54354354 -0.040664
2045.54554555 0.030472
2047.54754755 -0.050752
2049.54954955 0.02028
2051.55155155 -0.04056
2053.55355355 0.010192
2055.55555556 -0.04056
2057.55755756 0.010192
2059.55955956 -0.040664
2061.56156156 0.0
2063.56356356 -0.030472
2065.56556557 -0.020384
2067.56756757 -0.030472
2069.56956957 -0.020384
2071.57157157 -0.02028
2073.57357357 -0.02028
2075.57557558 -0.010192
2077.57757758 -0.030472
2079.57957958 0.0
2081.58158158 -0.04056
2083.58358358 0.0
2085.58558559 -0.04056
2087.58758759 0.0
2089.58958959 -0.050752
2091.59159159 0.0
2093.59359359 -0.040664
2095.5955956 0.0
2097.5975976 -0.050856
2099.5995996 0.0
2101.6016016 -0.060944
2103.6036036 0.02028
2105.60560561 -0.060944
2107.60760761 0.02028
2109.60960961 -0.060944
2111.61161161 0.02028
2113.61361361 -0.071032
2115.61561562 0.010192
2117.61761762 -0.060944
2119.61961962 0.02028
2121.62162162 -0.060944
2123.62362362 0.010088
2125.62562563 -0.071136
2127.62762763 -0.010088
2129.62962963 -0.081224
2131.63163163 0.0
2133.63363363 -0.071136
2135.63563564 0.010192
2137.63763764 -0.060944
2139.63963964 0.0
2141.64164164 -0.060944
2143.64364364 0.0
2145.64564565 -0.050752
2147.64764765 -0.010192
2149.64964965 -0.04056
2151.65165165 -0.020384
2153.65365365 -0.030472
2155.65565566 -0.030472
2157.65765766 -0.030472
2159.65965966 -0.040664
2161.66166166 -0.02028
2163.66366366 -0.040664
2165.66566567 -0.010088
2167.66766767 -0.050856
2169.66966967 0.0
2171.67167167 -0.060944
2173.67367367 0.0
2175.67567568 -0.081224
2177.67767768 0.010192
2179.67967968 -0.091416
2181.68168168 0.020384
2183.68368368 -0.081224
2185.68568569 0.030472
2187.68768769 -0.101608
2189.68968969 0.02028
2191.69169169 -0.101608
2193.69369369 0.040664
2195.6956957 -0.101504
2197.6976977 0.04056
2199.6996997 -0.091416
2201.7017017 0.050752
2203.7037037 -0.101608
2205.70570571 0.050752
2207.70770771 -0.101608
2209.70970971 0.040664
2211.71171171 -0.081224
2213.71371371 0.030472
2215.71571572 -0.081224
2217.71771772 0.02028
2219.71971972 -0.071136
2221.72172172 0.010192
2223.72372372 -0.050752
2225.72572573 -0.010192
2227.72772773 -0.04056
2229.72972973 -0.030472
2231.73173173 -0.010192
2233.73373373 -0.050752
2235.73573574 0.0
2237.73773774 -0.060944
2239.73973974 0.010088
2241.74174174 -0.081328
2243.74374374 0.030472
2245.74574575 -0.101504
2247.74774775 0.04056
2249.74974975 -0.111696
2251.75175175 0.04056
2253.75375375 -0.121888
2255.75575576 0.060944
2257.75775776 -0.13208
2259.75975976 0.071136
2261.76176176 -0.121888
2263.76376376 0.081328
2265.76576577 -0.13208
2267.76776777 0.081328
2269.76976977 -0.121888
2271.77177177 0.071136
2273.77377377 -0.121888
2275.77577578 0.050752
2277.77777778 -0.121888
2279.77977978 0.04056
2281.78178178 -0.101608
2283.78378378 0.030472
2285.78578579 -0.081328
2287.78778779 0.02028
2289.78978979 -0.050752
2291.79179179 0.0
2293.79379379 -0.040664
2295.7957958 -0.02028
2297.7977978 -0.02028
2299.7997998 -0.040664
2301.8018018 0.0
2303.8038038 -0.060944
2305.80580581 0.02028
2307.80780781 -0.091416
2309.80980981 0.040664
2311.81181181 -0.101608
2313.81381381 0.050856
2315.81581582 -0.121888
2317.81781782 0.071032
2319.81981982 -0.121888
2321.82182182 0.071136
2323.82382382 -0.131976
2325.82582583 0.081328
2327.82782783 -0.121888
2329.82982983 0.081328
2331.83183183 -0.13208
2333.83383383 0.071136
2335.83583584 -0.13208
2337.83783784 0.050856
2339.83983984 -0.121888
2341.84184184 0.040664
2343.84384384 -0.101608
2345.84584585 0.030472
2347.84784785 -0.081224
2349.84984985 0.02028
2351.85185185 -0.071032
2353.85385385 0.0
2355.85585586 -0.050856
2357.85785786 -0.010192
2359.85985986 -0.030472
2361.86186186 -0.030472
2363.86386386 -0.02028
2365.86586587 -0.050752
2367.86786787 -0.010088
2369.86986987 -0.071136
2371.87187187 0.010192
2373.87387387 -0.081224
2375.87587588 0.030472
2377.87787788 -0.091416
2379.87987988 0.030472
2381.88188188 -0.101608
2383.88388388 0.040664
2385.88588589 -0.111696
2387.88788789 0.04056
2389.88988989 -0.101504
2391.89189189 0.050856
2393.89389389 -0.091416
2395.8958959 0.050856
2397.8978979 -0.081328
2399.8998999 0.030472
2401.9019019 -0.081328
2403.9039039 0.030472
2405.90590591 -0.060944
2407.90790791 0.02028
2409.90990991 -0.050856
2411.91191191 0.0
2413.91391391 -0.040664
2415.91591592 0.0
2417.91791792 -0.04056
2419.91991992 0.0
2421.92192192 -0.030472
2423.92392392 -0.020384
2425.92592593 -0.010192
2427.92792793 -0.020384
2429.92992993 0.0
2431.93193193 -0.030472
2433.93393393 -0.010088
2435.93593594 -0.02028
2437.93793794 0.0
2439.93993994 -0.02028
2441.94194194 0.02028
2443.94394394 -0.030472
2445.94594595 0.010088
2447.94794795 -0.02028
2449.94994995 -0.010192
2451.95195195 -0.040664
2453.95395395 0.0
2455.95595596 -0.030472
2457.95795796 0.0
2459.95995996 -0.02028
2461.96196196 -0.020384
2463.96396396 -0.020384
2465.96596597 0.0
2467.96796797 -0.02028
2469.96996997 -0.02028
2471.97197197 -0.02028
2473.97397397 -0.030472
2475.97597598 -0.010192
2477.97797798 -0.020384
2479.97997998 -0.020384
2481.98198198 -0.030472
2483.98398398 -0.030472
2485.98598599 -0.020384
2487.98798799 -0.04056
2489.98998999 -0.010192
2491.99199199 -0.020384
2493.99399399 0.0
2495.995996 -0.050752
2497.997998 0.0
2500.0 -0.060944
